शीर्षक,विवरण
क्षतिग्रस्त बीपी राजमार्गमा बिजुली गाडी घटे,"खनियाखर्क, सिन्धुली — लोन्जर गाउँपालिका–५ स्थित खनियाखर्कमा विवश थापाले दुई वर्षअघि विद्युतीय गाडी (माइक्रो तथा मिनिमाइक्रो) का लागि ३० लाख रुपैयाँमा ४ वटा चार्जिङ स्टेसन राखे । लगत्तै खाना खाजासहितको सुविधा थपेर होटल पनि खोले ।बीपी राजमार्गमा गुड्ने विद्युतीय सवारीसाधनलाई लक्षित गरेर चार्जिङ स्टेसन राखेका उनलाई सुरुका दिनमा बोल्ने फुर्सद कमै मिल्थ्यो । दिनमा ५२ वटासम्म गाडीले चार्ज गरेर मात्र गन्तव्यतर्फ लाग्थे । गाडीमा आउने यात्रुलाई खाना, खाजा खुवाउन उनलाई भ्याइनभ्याई हुन्थ्यो ।गत असोजको बाढीले बीपी राजमार्गअन्तर्गत सिन्धुली–काभ्रे खण्डको १२ किलोमिटर सडकमा क्षति पुर्‍याएपछि भने यस खण्ड भएर गुड्ने विद्युतीय गाडीको संख्या घट्दै गएको छ । अहिले दैनिक ३० वटा हाराहारी मात्र गाडी चार्ज गर्नका लागि रोकिने गरेको थापा सुनाउँछन् । ‘महँगै लगानीमा चार्जिङ स्टेसन सुरु गरें,’ उनले भने, ‘असोजमा आएको बाढीले तहसनहस बनायो, अलि ठूलो पानी पर्‍यो भने दिनमा १० देखि १२ वटाभन्दा बढी चार्ज गर्न आउने गाडी हुँदैनन् ।’राजधानी काठमाडौं र पूर्वी तराई जोड्ने यो सबैभन्दा नजिकको बाटो हो, धेरैको रोजीरोटी जोडिएको यो सडक आठ महिनाअघि आएको बाढीले क्षतिग्रस्त बनायो तर सरकारी ढिलासुस्तीका कारण बाटो नबन्दा यसैमा निर्भर व्यवसायको विकल्प खोज्नुपर्ने बाध्यता आइलागेको छ। - विवश थापा, व्यवसायीथापामा अहिले निराशा थपिएको छ । ‘बाढी आएको ८ महिना भयो, सडक अझै दिगो बनिसकेको छैन,’ उनले भने, ‘छिट्टै पुनर्निर्माण होला भन्ने ठूलो आस थियो, सरकारको उदासीनताका कारण हामीजस्ता व्यवसाय गरेर खानेले मार खेप्नुपरेको छ ।’निजी क्षेत्रले दिनरात नभनी काम गरेर व्यवसाय उकास्ने काम गरे पनि सार्वजनिक महत्त्वका सडक, पुल बनाउन सरकारी निकायबाट छिटो छरितो नभएको उनले दुखेसो पोखे । ‘जसोतसो बनाएको बाटो आउने बर्खामा के रहला र ?,’ उनले भने, ‘म त अब यो व्यवसायको विकल्प खोज्ने सोचमा छु ।’चालकले यात्रुलाई खाजा, खानाका लागि रोकेका बेला गाडी चार्जमा राख्छन् । खाना खाइसकेपछि गाडी पनि चार्ज भइसक्ने उनले बताए । बाटो सहज हुँदा यही ठाउँमा गरेको चार्जले पुग्थ्यो । अहिले यहाँ चार्ज गरेपछि फेरि काभ्रेभन्ज्याङमा पुगेर पनि पुनः चार्ज गर्नुपर्ने बाध्यता चालकलाई छ ।पानी पर्‍यो भन्नासाथ हिजोआज यात्रुहरू गाडी चढ्न डराउँछन् । चालकहरू पनि पानी पर्दा गाडी चलाउन डर मान्ने गरेको उनले सुनाए । ‘अहिले बाटो बिग्रेको हुन्नथ्यो भने चार्जिङ स्टेसन थपेर २० वटासम्म पुर्‍याउने सोचमा थिएँ,’ थापा भन्छन्, ‘यो ठाउँलाई चार्जिङ हब नै बनाउने तयारीमा थिएँ, अब त्यो सम्भव भएन ।’यो खण्ड भएर गुड्ने विद्युतीय गाडीको संख्या कम हुँदै गएको उनको भनाइ छ । ‘केही हेटौंडा हुँदै काठमाडौं जान थाले, केही भने अलिअलि पानी पर्दा पनि बाटोका कारण जोखिम नलिई घरै बस्ने गरेका छन्,’ उनले भने ।उनका अनुसार होटल र चार्जिङ स्टेसन चलाउँदा बैंकबाट लिएको ऋणको मासिक किस्ता मात्र १ लाख १५ हजार तिर्नुपर्छ । ‘राजधानी काठमाडौं र पूर्वी तराई जोड्ने यो सबैभन्दा नजिकको बाटो हो,’ उनले भने, ‘त्यसैले सडकसँग धेरैको रोजीरोटी जोडिएको छ, सरकारी ढिलासुस्तीका कारण धेरैले गरिराखेको व्यवसायको विकल्प खोज्नुपर्ने बाध्यता आइलागेको छ ।’उदयपुरको गाईघाट, सर्लाही, सुनसरी, सर्लाही, सिरहा, धनुषा, महोत्तरी, सिन्धुलीबाट बढी मात्रामा विद्युतीय गाडी बीपी राजमार्ग हुंँदै काठमाडौं आउजाउ गर्छन् । अघिपछि राजमार्गमा खुलेका होटल अघिल्तिर सीमित चार्जिङ स्टेसन हुँदा गाडी चालकहरूले चार्ज गर्नका लागि पालो पर्खिएर बस्नुपर्थ्यो । अहिले कतै खाली त कतै–कतै मात्र गाडीको चार्ज गर्न भीड लागेको देखिन्छ । काठमाडौंको कोटेश्वरबाट सिन्धुली बजारसम्मको दूरी १ सय ५३ किमि छ । जसले गर्दा तराई र पूर्वका जिल्ला छिटो पुगिने भएकाले अधिकांश सवारीसाधन बीपी राजमार्ग हुँदै ओहोरदोहोर गर्छन् ।बीपी राजमार्ग भएर असोज अगाडिसम्म ७ हजार (दसैंतिहारमा १० हजार हाराहारी) सवारीसाधन ओहोरदोहोर गर्थे । अहिले यो संख्या घटेर ४ हजारमा झरेको सडक डिभिजन भक्तपुरको तथ्यांकले जनाउँछ । सिन्धुलीको कमलामाई नगरपालिका–४ का शिवराम खड्काका दुई वटा विद्युतीय माइक्रो बस सिन्धुली–काठमाडौं आउजाउ गर्छन् ।असोज अगाडिसम्म उनी दुईबाट चार वटा गाडी पुर्‍याउने सुरमा थिए । जब असोजमा आएको बाढीले सिन्धुलीबाट काठमाडौं हिँडेको उनको गाडी मंगलटारमा ११ दिनसम्म फस्यो, त्यसपछि उनमा निराशा थपियो । सडकको बेहाल देखेर गाडी नथप्ने निर्णयमा पुगे ।‘सुरुमा गाडीबाट राम्रो कमाइ थियो, त्यही बेला दुई वटा काठमाडौं जाने र त्यति नै संख्यामा काठमाडौंबाट सिन्धुली आउने गरी गाडी थप्ने सुरमा थिएँ,’ उनले भने, ‘बाटो बिग्रिएपछि त्यो आँट आएन ।’ थोरै खर्चमा धेरै आम्दानी हुने भएपछि विद्युतीय गाडीमा आकर्षण बढिरहेकै बेला बाढीले सडक बगाएपछि सबैमा निराशा थपिएको उनको भनाइ छ ।‘पहिला यात्रुभन्दा धेरै विद्युतीय गाडी हुन्थे,’ उनी भन्छन्, ‘बाढीपछि विद्युतीय गाडी धनीले पनि भटाभट बिक्री गर्न थाले, फेरि अरू गाडीको तुलनामा विद्युतीय गाडीको चक्का सानो हुन्छ, जस्तोसुकै ठाउँमा पनि चलाउन समस्या हुन्छ, ब्याट्री र मोटर यसको तल्लो भागमा हुन्छ, ठोक्किएपछि बिग्रने र बनाउन महँगो पर्छ ।’खाल्डाखुल्डी बढी भएको सडकमा विद्युतीय सवारीसाधन चलाउन समस्या हुने उनले बताए । दुई दिन पानी परे बीपी राजमार्गमा बाढी आउनाले गाडी चलाउन नसकिने उनको भनाइ छ । ‘पहिला बीपी राजमार्गको विकल्प सोचिन्न थियो,’ उनले थपे, ‘अहिले अन्यत्र जाने अवसर आए त्यतै रिजर्भमा जान्छौं ।’ खड्काले दुई वटा माइक्रो ५६ लाख र ४५ लाख रुपैयाँमा किनेका हुन् ।‘काठमाडौं नजिकै र बाटो सहज भएर गाडी हालेको हो,’ उनले भने, ‘दुई वटाको गरेर मासिक किस्ता १ लाख ७१ हजार रुपैयाँ तिर्छु ।’ सुमित्रा यातायात प्रालि सिन्धुलीअन्तर्गत २६ वटा विद्युतीय गाडी छन् । प्रालिका अध्यक्ष हरिकृष्ण बुढाथोकीका मात्र ५ वटा विद्युतीय गाडी थिए । असोजको बाढीपछि चार वटा गाडी बिक्री गरि सके । अहिले एउटा मात्र छ ।‘बाटो पनि सहज छैन, काभ्रेको चौकीडाँडामा सडकको अवस्था खराब छ, गाडीभरि मान्छे राखेर हिँड्दा उकालोमा चिप्लिन्छ, यो ठाउँमा अझै सहज बनाइएको छैन,’ उनले भने, ‘असोजको बाढीले गर्दा चलाउन सक्ने अवस्था नदेखेर बिक्री गरेर एउटा मात्र राखेको छु ।’बीपी राजमार्गबाट विद्युतीय गाडी गुड्न थालेको साढे तीन वर्ष बढी भएको अध्यक्ष बुढाथोकीले बताए । ‘हामीले सुरु गर्दा ३ वटा गाडी थिए, अहिले सिन्धुलीबाट दैनिक ४० वटा विद्युतीय गाडी चलिरहेका छन्,’ उनले भने, ‘बाढीपछि बीपी राजमार्गमा खाल्डाखुल्डी धेरै छन्, एउटा गाडीले तीन ट्रिप गर्दा त्यसको बुस फेर्नुपर्ने र खर्च ७ हजार बढी लाग्छ ।’बाटो राम्रो हुँंदा सबैले गाडीमा लगानी गरे पनि अहिले अधिकांशले टाउकामा हात राखेर बस्नुपर्ने अवस्था आएको उनले सुनाए । राजमार्गमा अधिकांश होटलमा महँगो लगानीमा चार्जिङ स्टेसन राखिएको छ । तर धेरै गाडी नगुड्दा चार्जिङ स्टेसनहरू पनि प्रायः सुनसानजस्तै देखिन्छन् । सरकारले खुर्कोटमा राखेको चार्जिङ स्टेसन असोजको बाढीपछि मर्मत नगरिँदा चलेको छैन ।जिल्ला ट्राफिक प्रहरी कार्यालय सिन्धुलीका प्रमुख प्रहरी निरीक्षक मोहम्मद कलिम अन्जुमका अनुसार गत साउन–भदौमा दैनिक सिन्धुली–काठमाडौं आउजाउ गर्ने विद्युतीय सवारीको संख्या १ सय ५० हाराहारी थियो । ‘अहिले सरदर दैनिक ९० वटा सवारीसाधन मात्र ओहोरदोहोर गर्छन्,’ उनले भने, ‘बाटोका कारण विद्युतीय सवारीसाधनको संख्या अहिले घटेको देखिन्छ ।’केही दिनअघि पानी पर्दा २४ वटा मात्र विद्युतीय गाडी एक दिनमा काठमाडौं आउजाउ गरेको उनले बताए । ‘पानी परेको दिन विद्युतीय गाडीको संख्या स्वात्तै घट्ने गरेको छ,’ उनले भने, ‘धेरैले पानी परेको दिन बाढीको डरले काठमाडौं आउजाउ गर्न मान्दैनन् ।’"
विदेश नीतिमा अब आर्थिक कूटनीतिलाई प्राथमिकता,"काठमाडौँ — सरकारले विदेश नीतिमा आर्थिक कूटनीतिलाई प्राथमिकता दिने भएको छ । त्यसका लागि परराष्ट्र मन्त्रालयमा नयाँ संरचना खडा गरिएको छ । अन्तर्राष्ट्रिय सम्बन्धलाई नेपालको आर्थिक क्षेत्रसँग जोड्न र त्यही काममा ध्यान केन्द्रित गर्न ‘आर्थिक कूटनीति’ महाशाखा गठन गरिएको मन्त्रालयले जनाएको छ ।मन्त्रालयले आफ्ना १० महाशाखालाई बढाएर १५ पुर्‍याएको हो । आर्थिक कूटनीतिसहित सार्वजनिक कूटनीति र श्रम अप्रवासन तथा नेपाली डायस्पोरा समन्वय महाशाखा गठन गरिएको छ । त्यस्तै, अन्तर्राष्ट्रिय संघ संगठन तथा अन्तर्राष्ट्रिय कानुन महाशाखा र युरोप तथा अमेरिका महाशाखाबाट छुट्याएर अमेरिका हेर्ने नयाँ उत्तर तथा दक्षिण अमेरिका महाशाखा गठन गरिएको छ ।सरकारले गत वर्ष परराष्ट्र मन्त्रालयमा १ सय ११ दरबन्दी थप गरेको थियो । परराष्ट्रको संगठन तथा व्यवस्थापन (ओएन्डएम) लाई सरकारले स्वीकृति प्रदान गरेपछि मन्त्रालयमा ११ जना सहसचिव र आवश्यक कर्मचारीको दरबन्दी थपिएको छ । त्यसअनुसार महाशाखाहरू थपिएको हो ।मन्त्रालयका प्रवक्ता सहसचिव कृष्णप्रसाद ढकालले आर्थिक क्षेत्रलाई प्राथमिकतामा राख्न नयाँ संरचना बनाइएको बताए । ‘९० को दशकदेखि नै कुनै न कुनै रूपमा आर्थिक कूटनीतिको क्षेत्रमा काम गर्दै आइएको छ । तर, त्यसका लागि डेडिकेटेड डिभिजन थिएन,’ उनले भने, ‘त्यही कार्यप्रति समर्पित रहने संरचनाको आवश्यकता भएर आर्थिक कूटनीति महाशाखा बनाइएको छ ।’ आर्थिक सहायता, लगानी भित्र्याउनेलगायत कार्यमा विदेशी मित्रराष्ट्रसँग तथा देशभित्रका निकायसँग आर्थिक कूटनीति महाशाखाले समन्वय गर्ने उनले बताए ।सरकारले २०७७ सालमा ल्याएको परराष्ट्र नीतिमा पनि आर्थिक कूटनीतिलाई प्राथमिकतामा राख्ने उल्लेख छ । विकास सहायता परिचालन तथा वैदेशिक लगानी बढाउन, निर्यात व्यापार र पर्यटन प्रवर्द्धनलगायत क्षेत्रमा आर्थिक कूटनीतिका माध्यमबाट प्रभावकारी परिणाम निकाल्ने नीतिको उद्देश्य छ । देशभित्रको उत्पादनका लागि विश्व बजार खोज्न, दूतावासमार्फत व्यापार प्रवर्द्धनको सम्भावनाबारे जानकारी लिनेलगायत कामका लागि आवश्यक सहजीकरण गर्न आर्थिक कूटनीतिले सकारात्मक भूमिका खेल्ने प्रवक्ता ढकालले बताए ।आर्थिक विकास, व्यापार प्रवर्द्धन, पर्यटन विकास तथा लगानी प्रवर्द्धन गर्ने गरी आर्थिक कूटनीति सञ्चालन गरिने नीति मन्त्रालयले लिएको छ । महाशाखाले विदेशस्थित नेपाली नियोग र अवैतनिक महावाणिज्यदूतहरूसँग समन्वय गर्नेछ । देशको हित हेरेर आर्थिक सम्बन्ध र साझेदारीलाई विस्तार गर्ने, देशको आर्थिक रणनीतिलाई विदेश नीतिमार्फत कार्यान्वयनमा ल्याउने साथै लगानी भित्र्याएर राष्ट्रिय अर्थतन्त्रको विकासमा योगदान पुर्‍याउने उद्देश्य महाशाखाले बोकेको छ ।त्यसबाहेक नेपालले अधिकतम लाभ लिने सक्ने गरी कोटा भन्सार छुटसम्बन्धी पहल गर्ने, अतिकम विकसित राष्ट्रको हैसियतले भन्सार र कोटारहित सुविधाको उच्चतम उपयोगको पहल गर्ने महाशाखाले उद्देश्य लिएको छ । भन्सारजन्य, गैरभन्सारजन्य अवरोध र पारवहनका समस्याको समाधानमा सहजीकरण गर्नेदेखि नेपाली उत्पादनको निर्यात सुनिश्चित गर्न कूटनीतिक समन्वय गर्ने कार्यलाई परराष्ट्र नीतिले आर्थिक कूटनीतिको कार्यक्षेत्रमा राखेको छ ।यसअघि आर्थिक कूटनीतिको कार्य नीति, योजना विकास, कूटनीति तथा विदेशमा रहेका नेपालीसम्बन्धी महाशाखाले हेर्दै आएको थियो । अब आर्थिक कूटनीतिकै लागि सहसचिवको नेतृत्वमा बनाइएको नयाँ महाशाखाले लगानी भित्र्याउन होस् वा नेपाली वस्तुको निर्यातका लागि आवश्यक नीतिगत, कानुनी एवं संरचनागत सुधारमा पनि काम गर्नेछ ।श्रम आप्रवासन तथा नेपाली डायस्पोरा समन्वय महाशाखाले विदेशमा पेसा, व्यवसाय र रोजगारीमा संलग्न नेपाली समुदायको हितको संरक्षणमा कार्य गर्नेछ । गैरआवासीय नेपालीसँग जोडिएका विषयलाई पनि त्यही महाशाखाले हेर्नेछ । त्यस्तै, अन्तर्राष्ट्रिय तथा क्षेत्रीय मञ्चमा नेपालको पहिचान र प्रतिनिधित्व अभिवृद्धि गर्न सार्वजनिक कूटनीति महाशाखाले भूमिका खेल्नेछ ।नेपालको विशिष्टता, प्राकृतिक सौन्दर्य, सभ्यता, सामाजिक विविधता, कला, संस्कृतिलगायतका विषयलाई बाहिर प्रचारप्रसार गरेर मुलुकको छवि बढाउन ‘पब्लिक डिप्लोमेसी’ मार्फत काम गरिने मन्त्रालयका प्रवक्ता ढकालले बताए ।"
देशका अधिकांश भागमा आज मौसम सफा रहने,"काठमाडौँ — हाल देशका पश्चिम र मध्य भागमा पश्चिमी तथा स्थानीय वायुको प्रभाव रहेको छ । जल तथा मौसम पूर्वानुमान महाशाखाका अनुसार कोशी प्रदेशका अधिकांश भागमा मनसुनी वायुको प्रभाव छ ।आज दिउँसो कोशी प्रदेशलगायत देशका पहाडी भागमा आंशिकदेखि साधारणतया बदली रही बाँकी भागमा मौसम सफा रहनेछ । कोशी प्रदेशका केही स्थानका साथै बाँकी प्रदेशका पहाडी भागका केही स्थानमा मेघगर्जन र चट्याङसहित हल्कादेखि मध्यम वर्षाको सम्भावना छ । उच्च–पहाडी तथा हिमाली भागका केही स्थानमा हल्का वर्षा र हिमपातको सम्भावना पनि छ ।त्यसैगरी, आज राति कोशी प्रदेशलगायत देशका पहाडी भू–भागमा आंशिक बदली रही बाँकी भागमा मुख्यतया मौसम सफा रहनेछ । कोशी प्रदेशका केही स्थान तथा बागमती र गण्डकी प्रदेशका पहाडी भू–भागका एकदुई स्थानमा मेघगर्जन र चट्याङसहित हल्कादेखि मध्यम वर्षाको सम्भावना छ ।कोशी, बागमती र गण्डकी प्रदेशका उच्च पहाडी तथा हिमाली भू–भागका एकदुई स्थानमा हल्का वर्षा र हिमपातको सम्भावना रहेको महाशाखाले जनाएको छ ।"
नेपालमाथि राजनीतिक प्रतिशोध र षड्यन्त्र : एकीकृत समाजवादी,"काठमाडौँ — एकीकृत समाजवादीले पार्टी अध्यक्ष माधवकुमार नेपालमाथि भ्रष्टाचार मुद्दा चलाउनु राजनीतिक प्रतिशोध र षड्यन्त्र भएको बताएको छ । अख्तियारले बिहीबार नेपालविरुद्ध विशेष अदालतमा मुद्दा दायर गरेपछि बसेको सचिवालय बैठकले पार्टी र अध्यक्षमाथि राजनीतिक प्रतिशोध एवं षड्यन्त्र भएको उल्लेख गर्दै राजनीतिक रूपमा प्रतिवाद गर्ने निर्णय गरेको छ ।समाजवादीले प्रधानमन्त्री केपी शर्मा ओलीको इसारामा प्रतिशोध साधेको आरोप लगाएको छ । भदौ २०७८ मा एमाले विभाजन भई एकीकृत समाजवादी गठन भएको थियो । ‘अध्यक्षमाथि मुद्दा लगाउनु राजनीतिक प्रतिशोध लिँदै षड्यन्त्रमूलक प्रहार भएको हाम्रो निष्कर्ष छ,’ उपाध्यक्ष प्रकाश ज्वाला भन्छन्, ‘हामी यसलाई राजनीतिक रूपमा प्रतिवाद गर्छौं ।’नेपालविरुद्ध विशेष अदालतमा मुद्दा दर्ता भइसकेकाले तथ्य प्रमाण जुटाएर कानुनी रूपमा अघि बढ्ने निर्णय पदाधिकारी बैठकले गरेको छ । उनले मन्त्रिपरिषद्का नीतिगत निर्णय हालसम्म अख्तियारको क्षेत्राधिकारमा नरहेको उल्लेख गर्दै नेपालमाथि मुद्दा लगाउनुमा सरकारको छाया अख्तियारमा परेको दाबी गरेका छन् । ‘सरकारको छाया अख्तियारमा परेको हुनाले यो राजनीतिक प्रतिशोध र षड्यन्त्र भयो,’ ज्वाला भन्छन् ।बैठकपछि महासचिव घनश्याम भुसालले विज्ञप्ति जारी गर्दै अध्यक्ष नेपालमाथि मुद्दा दायर गर्नु षड्यन्त्रकै निरन्तरता भएको आरोप लगाएका छन् । ‘वर्तमान सरकारले राजनीतिक बदलाको भावनाबाट प्रेरित रही हाम्रो पार्टीविरुद्ध विगतदेखि नै षड्यन्त्र गर्दै आएको विभिन्न बेलामा देखिएको र तिनलाई हामीले सार्वजनिक गर्दै आएका थियौं,’ उनले भनेका छन्, ‘यो हाम्राविरुद्ध षड्यन्त्रको अर्को घटना हो भन्ने हाम्रो ठहर छ । त्यस्तो कुनै पनि षड्यन्त्रको प्रतिवाद गरिनेछ ।’मन्त्रिपरिषद्ले गरेको निर्णयमाथि अख्तियारले अनुसन्धान गर्नु गम्भीर विषय भएको समाजवादीको भनाइ छ ।एकीकृतका नेता झलनाथ खनालले मन्त्रिपरिषद्को निर्णयमाथि अख्तियारले हात हाल्नु गम्भीर विषय भएको बताए । ‘अहिलेसम्म मन्त्रिपरिषद्का निर्णयलाई अख्तियारले यसरी मुद्दा चलाएको थिएन,’ खनालले भने । वरिष्ठ उपाध्यक्ष एवं पूर्वमुख्यमन्त्री राजेन्द्र पाण्डेले पार्टी अध्यक्ष नेपालमाथि राज्यले प्रतिशोध साधेको आरोप लगाएका छन् । ‘विगतमा भएका क्याबिनेट बैठकका निर्णय सबै भ्रष्टाचारजन्य केस बन्न सक्छन्, त्यसो हुनाले कोही पनि प्रधानमन्त्रीहरू बच्नेवाला छैनन् र अर्को कुरा कुनै पनि प्रधानमन्त्री वा क्याबिनेटले अब महत्त्वपूर्ण निर्णय गर्दैन,’ उनले भने ।मुद्दा दायरपछि गृह जिल्ला रौतहटबाट काठमाडौं फर्केका पूर्वप्रधानमन्त्री नेपालले आफूमाथि लागेको मुद्दाबारे कानुनविद्सँग परामर्श गरेका थिए । उनले वरिष्ठ अधिवक्ताद्वय शम्भु थापा र गोविन्द बन्दीसँग परामर्श गरेका थिए ।पतञ्जलिजस्तो संस्थामा यस्तो होला भन्ने कल्पना थिएन- माधवकुमार नेपाल, अध्यक्ष, एकीकृत समाजवादीपतञ्जलि जग्गा प्रकरणमा तपाईंमाथि भ्रष्टाचारको आरोप लाग्यो नि ?मैले कुनै किसिमको भ्रष्टाचार गरेको छैन, कसैसित अनुचित लाभ लिएको छैन । कुनै पनि मन्त्रीलाई अनुचित कार्य गर्न निर्देशन दिएको छैन । त्यसो गरेको भए प्रमाण पेस गरियोस् । जहाँसम्म पतञ्जलिजस्तो संस्थाको कुरा छ, स्वामी रामदेव र आचार्य बालकृष्णजस्ता व्यक्ति भएको ठाउँमा अनुचित काम त कसैले कल्पना पनि गर्न सक्दैन । मैले अनुचित हुने कुनै काम गरेको छैन । सबै कानुनले हेर्ने कुरा हो ।एउटा टुक्रा पनि सरकारी जग्गा दिइएको छैन । हदबन्दीभन्दा माथिको कुरा भएको हो भने, उचित भएको छैन भने सबै जग्गा फिर्ता लिन सकिन्छ । त्यसैका आधारमा कुनै अपराध गरेको, नियत खराब भएको मान्न मिल्दैन । मन्त्रिपरिषद्बाट निर्णय भएको छ भने विभिन्न प्रक्रियाबाट सबै मन्त्रीले हेरेर त्यसलाई पास गरिएको होला, अघि बढाइएको होला । राष्ट्रलाई नोक्सानी हुने काम भएको छ/छैन मलाई थाहा छैन, त्यो भएको छ भने पनि त्यस्तो अनुचित कुरालाई छुट दिन सकिँदैन ।अख्तियारले बयान लिँदा यो/त्यो कागज पुगेन भनेन र ?मैले आफ्नोतर्फबाट कुनै बेठीक काम गरेको छैन । पतञ्जलिजस्तो संस्थामा यस्तो भएको होला भन्ने कल्पना पनि गरेको थिइनँ ।यदि पूर्वाग्रही ढंगले मुद्दा दर्ता भएको हो भने फेरि ललिता निवास प्रकरण ब्युँतिन सक्ने सम्भावना कत्तिको छ ?मैले बदमासी गरेको हुनुपर्‍यो नि ।बदमासी नगर्दा पनि मुद्दा कसरी लाग्यो त ?अब हेरौं के हुन्छ ।मैले कुनै अपराध गरेको छैन भन्नुहुन्छ ? अनि अख्तियारले के अभियोग लगाएर मुद्दा दर्ता गर्‍यो ?अब त्यो त के भएको हो, के छ, मलाई त्यति जानकारी छैन । म पनि कानुन व्यवसायीसित परामर्श गर्छु । कानुनमा के छ, त्यो बेला विभिन्न मन्त्रालयबाट के–के कागजपत्र आए, कसले के–के सिफारिस गरे, कसले लुपहोल्स राखे, त्यसमा ध्यान पुग्यो/पुगेन, यावत् कुरा नबुझी म केही भन्न सक्दिनँ ।असल कामका लागि निर्णय गरेको भन्नुभयो, त्यसो भए यो मुद्दा पूर्वाग्रही ढंगबाट दर्ता भएको हो ?म कसैलाई आरोप लगाउन चाहन्नँ । कुनै खराब नियतबाट भ्रष्टाचारका लागि आदेश दिने काम मबाट भएको छैन, हुँदैन पनि । यस्तो कुराको म विरोध गर्छु ।तपाईंकै पार्टीका नेता राजेन्द्र पाण्डेले प्रधानमन्त्री केपी शर्मा ओलीको निर्देशनमा मुद्दा दर्ता भएको भन्नुभएको छ, तपाईंको भनाइ के छ ?यो त सिधा कुरा हो । मेरो राजनीतिक करियर समाप्त पार्न उहाँ (केपी शर्मा ओली) सुरुदेखि नै लाग्नुभएको हो । पटकपटक प्रयास गरेकै हो । उहाँ (ओली) बदलाको भावनाबाट चल्नुभएको छ ।पतञ्जलिमा तपाईंमाथि मुद्दा चल्यो, गिरीबन्धु र शेरा दरबारको विषयमा तपाईंको धारणा के छ ?अहिले केही बोले बदलाको भावनाले भन्छन् । आफूमाथि पर्दा यस्ता कुरा उठायो भन्छन् । हेरौं अब के हुन्छ । तर सबै हेर्ने न्यायालय छ । न्यायभन्दा ठूलो कुरा केही हुन सक्दैन । सत्यभन्दा ठूलो कुरा केही हुँदैन । नबिराउनु, नडराउनु भन्ने मान्यतामा म अडिग छु ।अब तपाईंको सांसद पद निलम्बन भयो । पार्टी अध्यक्ष हुनुहुन्छ, आगामी यात्रा कस्तो हुन्छ ?अब हेरौं । त्यसका निम्ति जे प्रक्रिया हुन्छ, म सामना गर्छु ।"
कोशीटप्पुमा बढे डल्फिन,"सुनसरी — संकटापन्न सूचीमा रहेको डल्फिनको संख्या कोशीटप्पुमा बढेर २२ पुगेको छ । यसै साता गरिएको गणनाको कोशी नदी तथा कोशीटप्पु वन्यजन्तु आरक्ष क्षेत्रले बिहीबार नतिजा सार्वजनिक गरेको हो । १५ देखि १८ जेठसम्म भएको गणनामा १५ वयस्क, ५ अर्धवयस्क र २ बच्चा डल्फिन रेकर्ड गरिएको आरक्षका वरिष्ठ संरक्षण अधिकृत भूपेन्द्रप्रसाद यादव बताउँछन् ।गत वर्ष १९ वटा मात्र डल्फिन रेकर्ड भएको थियो ।पानीमा बस्ने डल्फिन अन्डा नभई बच्चा नै जन्माउने जीव हो । आकारमा माछाभन्दा ठूलो भए पनि डल्फिनले मान्छेलाई कुनै हानि गर्दैन । ‘यो मानवसँग निकै निकट र रमाउने जीव भएको हो,’ संरक्षणविद् यादव भन्छन् ।भारतको गंगासागर हुँदै कोशी नदीसम्म जलचरन गर्ने यी डल्फिन सफा र गहिरो पानीमा विचरण गर्न मन पराउँछन् । पछिल्लो समय नदीमा प्लास्टिकजन्य फोहोर बढेकाले डल्फिनको संख्यामा उल्लेख्य वृद्धि हुन नसकेको वरिष्ठ संरक्षण अधिकृत यादवको भनाइ छ । ‘नदीमा प्लास्टिक, बोतललगायत फोहोर थुप्रिने गरेका छन्, त्यसले डल्फिनको आहारा र संरक्षणमा चुनौती थपिएको छ,’ उनी भन्छन् ।राष्ट्रिय प्रकृति संरक्षण कोष कोशी केन्द्रका प्रमुख वीरेन्द्र गौतमका अनुसार नेपालको सप्तकोशी र कर्णाली नदीमा डल्फिन पाइने गरेको छ । नेपालमा डल्फिन सयभन्दा कम संख्यामा भएको आरक्षले जनाएको छ । आरक्षले सन् २०२२ देखि प्रत्येक वर्ष डल्फिन गणना गर्दै आएको छ ।आरक्षको तथ्यांकअनुसार २०२२ मा यहाँ १७ वटा डल्फिन थिए । २०२३ र २०२४ मा १९ डल्फिन गणना भएका थिए ।"
कर्मचारीले राजीनामा दिँदा पनि ‘कुलिङ-अफ पिरियड’ २ वर्षसम्म,"काठमाडौँ — कर्मचारीले अनिवार्य अवकाशमा जानुअगावै राजीनामा दिए पनि तत्कालै अर्को सार्वजनिक पदमा नियुक्ति लिन नपाउने भएका छन् । संघीय निजामती सेवासम्बन्धी विधेयकमा प्रतिनिधिसभाअन्तर्गतको राज्य व्यवस्था तथा सुशासन समितिले राजीनामा दिने कर्मचारीका हकमा समेत संवैधानिक, राजनीतिक र कूटनीतिक पदमा नियुक्ति नपाउने गरी दुईवर्षे ‘कुलिङ–अफ पिरियड’ को प्रावधान राखेको छ ।संसदीय समिति संसद्मा बुझाएको विधेयकको प्रतिवेदनले ‘कुलिङ–अफ पिरियड’ को व्यवस्था प्रहरी, सशस्त्र प्रहरी, सेना, स्वास्थ्य, विश्वविद्यालय, सरकारी संस्थानलगायतमा कार्यरतलाई पनि लागू गर्ने बाटो खोलेको छ । मुख्यसचिव, सचिवहरूले निजामतीलाई मात्रै ‘कुलिङ–अफ पिरियड’ राख्न नहुने तीव्र रूपमा ‘लबिइङ’ गरेपछि सबै क्षेत्रमा लागू गर्न लागिएको हो ।विधेयक समितिमा छलफलमा रहेका बेला मुख्यसचिव एकनारायण अर्याल, संघीय संसद्का महासचिव पद्मप्रसाद पाण्डेय, नेपाल सरकारका सचिव, सर्वोच्च अदालतका उच्च पदस्थ कर्मचारी, संसद् सचिवालयका सचिवहरूले ‘कुलिङ–अफ पिरियड’ को प्रावधान नै हटाउन ‘लबिइङ’ गरेका थिए ।विधेयकको दफा ८२ मा ‘कुलिङ–अफ पिरियड’ सम्बन्धी व्यवस्था छ । त्यसमा भनिएको छ, ‘निजामती कर्मचारी वा अन्य सरकारी सेवाबाट राजीनामा दिएको वा अवकाश भएको कर्मचारी सेवाबाट अवकाश भएको मितिले दुई वर्ष पूरा नभई कुनै पनि संवैधानिक वा सरकारी पदमा नियुक्ति पाउने छैन ।’ यसअघि अनिवार्य अवकाशमा गएका कर्मचारीका हकमा मात्रै ‘कुलिङ–अफ पिरियड’ लाग्ने व्यवस्था गरिएको थियो ।निजामती कर्मचारीमा मुख्यसचिव, सचिव र सहसचिव पदबाट अनिवार्य अवकाशको केही समय पहिले राजीनामा गरेर पेन्सन बढाउने र अर्को नियुक्ति खाने प्रचलन छ । उच्च पदस्थ कर्मचारीले बहाल रहेकै अवस्थामा राजनीतिक नेतृत्वसँग साँठगाँठ गरेर संवैधानिक आयोग पदाधिकारी, राजदूत र अन्य राजनीतिक पदमा नियुक्ति लिने गरेको भन्दै आलोचना हुँदै आएको छ ।समितिमा छलफलका क्रममा सांसदहरूले संवैधानिक आयोग, राजदूत र कतिपय राजनीतिक पदमा अवकाशप्राप्त मुख्यसचिव र सचिवलाई मात्र लाने गरिएको भन्दै ‘कुलिङ–अफ पिरियड’ को माग गरेका थिए । राजनीतिक ‘लबिइङ’ मा यसरी नियुक्ति गर्दा संविधानको कार्यान्वयनमै असर परेको उनीहरूको तर्क थियो । सांसदहरूको मागअनुसार नै विधेयकमा दुई वर्षको ‘कुलिङ–अफ पिरियड’ को प्रावधान राखिएको हो ।राज्य व्यवस्था समितिका सदस्यहरूका अनुसार मुख्यसचिव, संसद्का महासचिव, सरकारका सचिवहरूले ‘कुलिङ–अफ पिरियड’ को प्रावधान हटाउन अझै दबाब दिइरहेका छन् ।‘प्रतिवेदन संसद् पुगिसक्दा पनि प्रधानमन्त्री केपी शर्मा ओली, कांग्रेस सभापति शेरबहादुर देउवा, विभिन्न मन्त्री, राजनीतिक दल आबद्ध कर्मचारी संगठनमार्फत कुलिङ–अफ पिरियडको व्यवस्था हटाउन दबाब दिइँदै गरेको पाएका छौं,’ एक सांसदले भने । श्रम, रोजगार तथा सामाजिक सुरक्षा मन्त्रालयका सचिव कृष्णहरि पुष्करले फोन र म्यासेज गरेको राज्य व्यवस्था समिति बाहिरका सांसदहरूले जानकारी दिएका छन् ।‘कुलिङ–अफ पिरियड’ हटाउन माग गर्दै सचिवहरूको टोली प्रधानमन्त्री ओली र कांग्रेस सभापति देउवाकहाँ नै पुगेको थियो । उनीहरूले सभामुख र राष्ट्रिय सभा अध्यक्षलाई समेत भेटेका थिए ।मुख्यसचिव अर्याल, महासचिव पाण्डेयसहित सचिवहरू रामकुमार श्रेष्ठ, फणीन्द्र गौतम, गोविन्द कार्की, उदयराज सापकोटा, दीपकुमार खराल, कृष्णहरि पुष्कर, राधिका अर्याल, महादेव पन्थ, मधुसुदन बुर्लाकोटी, शोभाकान्त पौडेल, केदारनाथ शर्मा, सुदर्शन खड्काको समूहले सभामुख देवराज घिमिरे र राष्ट्रिय सभा अध्यक्ष नारायण दाहाललाई पनि भेटेर ‘कुलिङ–अफ पिरियड’ हटाउनका लागि भूमिका निर्वाह गरिदिन आग्रह गरेका थिए ।मुख्यसचिव अर्याल आफ्नो कार्यकाल बढाउन र संवैधानिक आयोगको पदाधिकारीमा नियुक्ति खान निजामती विधेयक बाधक नबनोस् भनेर लागिपरेको उनी निकटस्थहरू बताउँछन् । संसद्का महासचिव पाण्डेय भने सर्वोच्च अदालतको न्यायाधीश बन्ने प्रयासमा छन् । प्रधानमन्त्री, कांग्रेस सभापति, सभामुख र राष्ट्रिय सभा अध्यक्षलाई भेटेपछि कानुन मन्त्रालयका सचिव उदयराज सापकोटाले सार्वजनिक रूपमा असन्तुष्टि जनाएका थिए । अवकाशमा जान लागेका उनी उच्च अदालत वा सर्वोच्च अदालतको न्यायाधीश बन्ने ‘लबिइङ’ मा छन् । सचिव पुष्करले भने संवैधानिक निकायमा नियुक्ति चाहेका छन् ।राज्य व्यवस्था समिति सभापति रामहरि खतिवडाका अनुसार विधेयकमा सचिवको कार्यकाल ५ वर्षबाट घटाएर ४ वर्ष बनाइएको छ भने मुख्यसचिवको कार्यकाल हाल तीन वर्ष रहेकामा २ वर्ष हुने व्यवस्था गरिएको छ । बहालवाला मुख्यसचिव र सचिवहरूले भने कार्यकाल नघटाउन दबाब दिइरहेका छन् ।हालको अवकाश हुने उमेर ५८ बाट ६० वर्ष पुर्‍याउने व्यवस्था कार्यान्वयन विधिमा पनि मुख्यसचिव र सचिवहरूले आपत्ति जनाइरहेका छन् । उनीहरूले एकै पटक ५८ बाट ६० वर्ष उमेर हद लागू गर्न दबाब दिइरहेका छन् । त्यसो गर्दा हाल पदमा रहेका मुख्यसचिव र सचिवहरूको सेवा अवधि बढ्नेछ । संसदीय समितिले भने मुख्यसचिव र सचिवहरूले भनेझैं र लोक सेवा आयोगले सुझाव दिएको भन्दा फरक तर मध्यमार्गी व्यवस्था गरेको छ ।लोक सेवा आयोगले सुरुको ६ महिना, त्यसपछि १ वर्ष र त्यसपछि ६ महिनाको विधि लगाउनुपर्ने सुझाव दिएको थियो । समितिले भने ‘यो ऐन प्रारम्भ भएको आर्थिक वर्षमा निजामती कर्मचारीको अनिवार्य अवकाश हुने उमेर ५८ वर्ष, अर्को आर्थिक वर्षमा ५९ वर्षसम्म मात्र र तेस्रो आर्थिक वर्षदेखि ६० वर्ष कायम हुनेछ’ भन्ने व्यवस्था गरेको छ । लोक सेवा आयोगले भने यस्तो विधि अपनाउँदा नयाँ विज्ञापन संख्यामा ठूलो प्रभाव पर्ने भन्दै लिखित सुझाव समितिलाई दिएको थियो ।मुख्यसचिव, संसद्का महासचिव र सचिवहरूको चर्को दबाबका बीच निजामती विधेयक संसद्बाट कसरी अगाडि बढ्छ भन्नेमा राज्य व्यवस्था समितिका सभापति र सदस्यहरूले चासो राखिरहेका छन् । प्रतिनिधिसभाका पछिल्ला बैठकको दैनिक कार्यसूचीमा समिति सभापतिले यो विधेयकको प्रतिवेदन पेस गर्ने उल्लेख हुँदै आएको छ । तर विपक्षी दलहरूले भिजिट भिसा प्रकरणको छानबिन माग गर्दै संसद् अवरुद्ध गरिरहेकाले संसद् बैठक चल्न सकेको छैन ।आफूलाई मात्रै फाइदा पुग्ने कानुन बन्नुपर्छ भन्ने धारणा कर्मचारी नेतृत्वको देखियोरामहरि खतिवडा, सभापति, राज्य व्यवस्था तथा सुशासन समितिसंघीय निजामती विधेयक अहिले संसदीय प्रक्रियाको कुन चरणमा छ ?विज्ञ, संवैधानिक आयोगहरू, लोक सेवा आयोगसँग पटकपटक छलफल गरी सर्वसम्मत रूपमा समितिबाट पारित गरेर विधेयक संसद् पठाएका छौं ।'कुलिङ–अफ पिरियड’ मा अहिले मुख्यसचिव, संसद्का महासचिव र अन्य कर्मचारीको चासो कति छ ?आज पनि सबैभन्दा बढी चासो ‘कुलिङ पिरियड’ मै छ । उहाँहरू भनिराख्नुभएको छ– सकिन्छ भने यसलाई हटाएर संसद्मा पेस गरिदिनुस् । राष्ट्रका लागि उहाँहरूले ३०–३५ वर्ष काम गर्नुभयो, दुई वर्ष फ्रेस भएर राष्ट्रसेवामा लाग्नुस् भनिरहेका छौं । तर उहाँहरूलाई सधैंका लागि वञ्चित गर्न लागेको भन्ने परेको छ । ‘कुलिङ–अफ पिरियड’ का सन्दर्भमा हामीले निजामतीलाई मात्रै भनेका छैनौं, अन्य सरकारी सेवालाई पनि समेटेका छौं ।अघिल्लो दिन सचिव र मुख्यसचिव हुने भोलिपल्ट संवैधानिक निकायमा नियुक्ति हुने प्रवृत्ति छ । यसले गर्दा आफू नियुक्ति भएको ठाउँमा आफैंविरुद्ध मुद्दा परिरहेको पनि हुन सक्छ । त्यस्ता ठाउँमा गएर स्वार्थ बाझिने काम गर्नु हुँदैन भनेर ‘कुलिङ–अफ पिरियड’ को व्यवस्था गर्न लागिएको हो । अवकाशमा जाँदा ६० वर्ष हुन्छ र २ वर्ष कुलिङ लाग्दा काम गर्न पाउँदैनौं भन्ने तर्क पनि कर्मचारीको छ । अहिलेको जमानामा ४८ वर्षमा नै मान्छे सचिव हुन्छ । अवकाशमा जाँदा ५२–५४ वर्ष पुग्छ । २ वर्ष कुलिङ पिरियड राख्दा पनि उमेरले भ्याउँछ । आफूलाई मात्रै फाइदा हुने गरी यो कानुन बन्नुपर्छ भन्ने धारणा कर्मचारी नेतृत्वमा विकास भएको पाइयो ।प्रतिनिधिसभामा प्रतिवेदन पेस हुनुअघि संशोधन हुन्छ कि हुँदैन ?केही कुरा सरकारले संसद्मा स्वीकार गर्न सक्छ । मबाट यसमा केही पनि संशोधन हुने सम्भव छैन, प्रधानमन्त्री, पार्टी सभापति जसले भने पनि अब संशोधन सम्भव छैन ।"
पतञ्जलिको योगमा गडबडीले भ्रष्टाचारको अभियोग,"काठमाडौँ — पतञ्जलि योगपीठ तथा आयुर्वेद कम्पनीले सरकारबाट पाएको हदबन्दी छुटको जग्गा हिनामिना अभियोगमा तत्कालीन प्रधानमन्त्री एवं एकीकृत समाजवादीका अध्यक्ष माधवकुमार नेपालसहित ९३ जनाविरुद्ध भ्रष्टाचार मुद्दा दायर भएको छ ।अख्तियार दुरुपयोग अनुसन्धान आयोगले बिहीबार विशेष अदालतमा दायर गरेको मुद्दामा पूर्वप्रधानमन्त्री नेपालमाथि १८ करोड ५८ लाख ५० हजार रुपैयाँ बिगो असुलउपर, बिगोबमोजिमकै जरिवाना र १० देखि १४ वर्षसम्म कैद सजाय मागदाबी गरिएको छ ।अभियोगपत्रमा उच्च पदस्थ पदाधिकारीका हैसियतमा भ्रष्टाचार गरेकाले उनीमाथि थप ३ वर्ष कैद सजायको मागसमेत गरिएको छ । मुद्दा दायर भएसँगै पूर्वप्रधानमन्त्री नेपाल प्रतिनिधिसभा सदस्यबाट समेत निलम्बित भएका छन् ।मुद्दाका अन्य प्रतिवादीमा तत्कालीन मन्त्रीद्वय प्रेमबहादुर सिंह र डम्बर श्रेष्ठ, तत्कालीन मुख्यसचिव माधव घिमिरे, तत्कालीन भूमिसुधार सचिव छविराज पन्त, पतञ्जलि नेपालका प्रमुख शालिग्राम सिंहलगायत छन् । अख्तियारका प्रवक्ता राजेन्द्रकुमार पौडेलले अनुसन्धानबाट खुलेका तथ्य र प्रमाणका आधारमा कसुरदार देखिएका विरुद्ध मुद्दा दायर गरिएको बताए ।अख्तियारले प्रतिवादीविरुद्ध १८ करोड ५८ लाख ५० हजार रुपैयाँ बिगो कायम गरी भूमिका र जिम्मेवारीअनुसार कसैलाई एकल र कतिपयलाई संयुक्त बिगो कायम गरी असुलउपर, बिगोबमोजिम जरिवाना र कैद सजाय मागदाबी गरेको छ ।पतञ्जलि तथा विभिन्न व्यक्तिका नाममा रहेको बनेपाको ५ सय ५४ रोपनी ५ आना १ पैसा तथा धुलिखेलको ८५ रोपनी ३ आना २ दाम जग्गा जफत गर्न पनि अभियोगपत्रमा माग गरिएको छ ।नेता नेपाल ११ जेठ २०६६ देखि २२ माघ २०६७ सम्म प्रधानमन्त्री भएका थिए । तत्कालीन प्रधानमन्त्रीसहितको संलग्नतामा हदबन्दी छुट जग्गा हिनामिना गरेको सम्बन्धी ‘पतञ्जलि जग्गा अपचलन प्रकरण’ बारे कान्तिपुरमा ६ असार २०८१ मा समाचार छापिएको थियो ।समाचार सार्वजनिक भएपछि प्रतिनिधिसभाको सार्वजनिक लेखा समिति, अख्तियार र प्रहरीको केन्द्रीय अनुसन्धान ब्युरोलगायत संयन्त्रबाट विस्तृतमा छानबिन अघि बढेकामा बिहीबार अख्तियारले पूर्वप्रधानमन्त्री नेपालसहितका प्रतिवादीविरुद्ध अदालतमा मुद्दा दायर गरेको हो । केही साताअघि मात्र लेखा समितिले पनि यसमा अनुसन्धान गर्न अख्तियारलाई पत्र पठाएको थियो ।२०४६ को राजनीतिक परिवर्तनपछि अदालतमा भ्रष्टाचार मुद्दा खेप्ने पूर्वप्रधानमन्त्रीमा नेपाल पहिलो हुन् । माघ २०६१ मा तत्कालीन राजा ज्ञानेन्द्र शाहले शासन सत्ता हातमा लिएपछि तत्कालीन प्रधानमन्त्री शेरबहादुर देउवालाई मेलम्ची खानेपानी प्रकरणमा ‘भ्रष्टाचार निवारण शाही आयोग’ लगाएर पक्राउ गरे पनि पछि शाही आयोग खारेजसँगै उक्त आयोगबाट भएका कारबाहीको वैधता पनि खारेज भएको थियो ।पञ्चायतकालमा भने तत्कालीन प्रधानमन्त्री तुल्सी गिरीविरुद्ध ‘गलैंचा निर्यात’ मा अनियमितता गरेको अभियोगमा भ्रष्टाचार मुद्दा लागेको थियो । पछि अदालतले गिरीविरुद्धको दाबी नपुग्ने फैसला गरेपछि उनले सफाइ पाएका थिए । बहुदल आएपछि भने पूर्वप्रधानमन्त्रीका रूपमा भ्रष्टाचार मुद्दा खेप्नेमा नेपाल पहिलो पूर्वप्रधानमन्त्री भएका छन् ।पूर्वप्रधानमन्त्री नेपाल ललिता निवासको जग्गा हिनामिना प्रकरणमा समेत मुछिएका थिए । यसमा अर्का पूर्वप्रधानमन्त्री बाबुराम भट्टराईमाथि पनि संलग्नताको आरोप लागेको थियो । तर अख्तियारले २२ माघ २०७६ मा विशेष अदालतमा मुद्दा दायर गर्दा उनीहरूलाई प्रतिवादी बनाएको थिएन । उनीहरूविरुद्ध मुद्दा नचाइएको विषयमा सर्वोच्च अदालतमा दायर रिट अझै विचाराधीन छ ।विशेषले फागुन २०८० मा ललिता निवासको मुद्दा किनारा लगाउँदै १ सय ३४ जनालाई ठहर गरेको थियो । त्यस क्रममा पूर्वप्रधानमन्त्रीद्वय नेपाल र भट्टराईविरुद्ध मुद्दा नचलाइएकामा विशेषले प्रश्न उठाएको थियो । ‘प्रधानमन्त्रीको ओहदाको कर्तव्यको परिधिभित्र नपरेका कार्यका सम्बन्धमा यस्तो उन्मुक्ति हुन सक्दैन । ओहदाको कार्य गरेउपर मुद्दा खेप्नुपर्ने खतराबाट निर्णय प्रक्रिया प्रभावित हुन बाट रोक्न कार्यकारिणी उन्मुक्ति आवश्यक रहे पनि ओहदा बाहिरको कामका लागि उन्मुक्ति प्राप्त हुँदैन । शक्ति पृथकीकरणको सिद्धान्तले प्रधानमन्त्रीको ओहदा बाहिरको कार्यउपर अभियोजन गर्न रोकछेक गर्दैन,’ विशेषले फैसलामा भनेको थियो ।पतञ्जलिको जग्गा विवादमा उजुरी परेपछि २०६८ मा पनि अख्तियारमा उजुरी परेको थियो । प्रारम्भिक छानबिन गरेर अख्तियारले २५ माघ २०६९ मा तामेलीमा राखेकामा पछिल्लो पटक भारतबाट पतञ्जलिकै नाममा डेढ अर्ब रुपैयाँ ल्याएर दुरुपयोग गरेको उजुरी परेपछि अख्तियारले पुनः पुरानो फाइल खोलेको थियो । पार्टी काममा रौतहटमा रहेका नेपालले मुद्दा दायरपछि बिहीबारै काठमाडौं फर्केर पार्टी कार्यालयमा कानुनविद्हरूसहित आकस्मिक बैठक राखेका थिए ।पतञ्जलिलाई हदबन्दीभन्दा बढी सरकारी जग्गा किन्न दिन र उक्त हदबन्दीको जग्गा गैरकानुनी रूपमा हाउजिङ कम्पनीलाई बेच्न दिन माधवकुमार नेपाल सरकारले तत्कालीन मन्त्रिपरिषद्बाट निर्णय गरेको थियो । ‘राष्ट्रसेवकले आफ्नो ओहदाको दुरुपयोग गरी पतञ्जलिलाई गैरकानुनी र बदनियतपूर्ण रूपमा हदबन्दीभन्दा बढी सरकारी सार्वजनिक कायम हुने जग्गा व्यक्ति तथा कम्पनीमा हस्तान्तरण गरी निजी प्रयोग/प्रचलनमा लैजान निर्णय गराएकामा’ पूर्वप्रधानमन्त्री नेपालसहितका उच्च पदस्थ पदाधिकारीलाई अभियोगपत्रमा मुख्य कसुरदार बनाइएको छ ।तत्कालीन प्रधानमन्त्री नेपाल, तत्कालीन कानुनमन्त्री सिंह, तत्कालीन भूमिसुधारमन्त्री श्रेष्ठ (निधन भइसकेकाले छोरा सन्तोष), तत्कालीन मुख्यसचिव घिमिरे (निधन भएकाले पत्नी कमला घिमिरे) लाई छुट्टाछुट्टै बिगो कायम गरी मुद्दा दायर गरिएको छ । मृत्यु भएका बाहेकको हकमा प्रत्येकलाई १८ करोड ५८ लाख ५० हजार रुपैयाँका दरले छुट्टाछुट्टै बिगो असुलउपर, बिगोबमोजिम नै जरिवाना र १० वर्षदेखि १४ वर्षसम्म कैद सजाय माग गरिएको छ ।तत्कालीन भूमिसुधार सचिव पन्त, सहसचिवहरू जितबहादुर थापा र लालमणि जोशीविरुद्ध एकमुष्ट बिगो तथा बिगोबमोजिम जरिवाना र १० देखि १४ वर्षसम्म कैद सजाय माग गरिएको छ । यस कसुरमा नेपाल सरकारका संवैधानिक अंग, निकाय, राष्ट्रपतिबाट मनोनीत, नियुक्ति, संस्थान प्रमुख, नेपाल सरकारका विशिष्ट श्रेणीको ओहदामा रहेर कसुर गरेकामा भ्रष्टाचार निवारण ऐनको दफा २४ अनुसार थप ३ वर्ष कैद सजाय गर्न पनि अख्तियारको माग छ ।यसैगरी भूमिसुधार मन्त्रालयका तत्कालीन उपसचिव कलानिधि पौडेल, गान्धीप्रसाद सुवेदी र हुपेन्द्रमणि केसीविरुद्ध एकमुष्ट बिगो, बिगोबमोजिम जरिवाना र १४ वर्षसम्म कैद हुनुपर्ने माग छ । भूमिसुधार विभागका तत्कालीन महानिर्देशक केशरबहादुर बानियाँविरुद्ध १० देखि १४ वर्षसम्म कैद, बिगो असुल, बिगोबमोजिम जरिवाना र थप ३ वर्ष कैद सजाय माग गरिएको छ ।भूमिसुधार विभागका तत्कालीन उपसचिव राजाराम थापा, अधिकृत सीताराम पोखरेल र नासु बुद्धिबहादुर कार्कीविरुद्ध एकमुष्ट बिगो, त्यसैबमोजिम जरिवाना, कैद सजाय हुनुपर्ने अभियोगपत्रमा उल्लेख छ ।मालपोत कार्यालय काभ्रेका तत्कालीन अधिकृत प्रेमबहादुर देसारविरुद्ध एकल तथा तत्कालीन नासु केदारप्रसाद भट्टराई र मोहनराम शर्माविरुद्ध एकमुष्ट बिगो, त्यसबमोजिम जरिवाना र कैद सजाय मागदाबी छ । काभ्रेका तत्कालीन प्रमुख मालपोत अधिकृत जनार्दन गुरागाईं, अधिकृत वेदप्रसाद अर्याल र शिवहरि शर्मा सुवेदी, नासुहरू विनोद कोइराला, तुलामणि राजभण्डारी, कृष्णप्रसाद सापकोटा र हरिप्रसाद हुमागाईंविरुद्ध एकमुष्ट बिगो कायम गरिएको छ । उनीहरूविरुद्ध बिगो, त्यसबमोजिम जरिवाना र कैद सजाय माग छ ।गुठी संस्थान काभ्रेका तत्कालीन कामु प्रमुख कृष्णहरि भट्टराई, वरिष्ठ सहायक पवन आचार्य र फाँटवाला माधवप्रसाद होमागाईंविरुद्ध १३ करोड १२ लाख ६० हजार रुपैयाँ बिगो, बिगोबमोजिम जरिवाना र कैद सजाय माग छ ।हदबन्दी छुट जग्गा गैरकानुनी रूपमा धितो राखी कर्जा दिलाएको अभियोगमा तत्कालीन सनराइज बैंक लिमिटेडका जुनियर म्यानेजमेन्ट ट्रेनी एसु मैनाली, उपप्रबन्धक मनोज न्यौपाने, वरिष्ठ सहायक विक्रान्त कोइराला, प्रमुख व्यवस्थापक रवीनकुमार नेपाल, सहायक महाप्रबन्धक आशा राणा अधिकारी, जोखिम व्यवस्थापन विभाग प्रमुख सञ्जयकुमार सिद्धि, अनुपालन विभागका सुनीलरत्न स्थापित र नायब महाप्रबन्धक बलराम विष्टविरुद्ध पनि अख्तियारले मुख्य कसुरदारसरह बिगो, त्यसबमोजिम जरिवाना र कैद सजाय माग गरेको छ ।हदबन्दी छुट जग्गा हिनामिनामा मतियार भएर काम गरेकामा पतञ्जलि योगपीठ नेपालका प्रमुख शालिग्राम सिंहलाई मुख्य कसुरदारसरह १८ करोड ५८ लाख ५० हजार रुपैयाँ बिगो, कैद र बिगोबमोजिमकै जरिवाना माग गरिएको छ ।प्रतिवादीहरू भोजराज शर्मा वाग्लेलाई ६ करोड ७० लाख, जीवराज कँडेललाई ६५ लाख, ध्रुवराज थापालाई ५ करोड ९४ लाख ५० हजार, मनु घिमिरेलाई २ करोड ६० लाख, ओमप्रकाश वंशललाई ८७ लाख, भीमदत्त जोशीलाई ९० लाख, वीरेन्द्रलाल श्रेष्ठलाई ७८ लाख र लक्ष्मण कार्कीविरुद्ध १४ लाख रुपैयाँ बिगो कायम गरी बिगो असुली, बिगोअनुसारकै जरिवाना र कैद सजाय मागिएको छ ।पतञ्जलिको जग्गा गैरकानुनी किनबेच प्रक्रियामा संलग्न गुठी संस्थान शाखा कार्यालयका तत्कालीन प्रमुख वैकुण्ठप्रसाद रेग्मी, फाँटवाला माधवप्रसाद होमागाईं र कार्यालय सहायक राजकुमार सिग्देलविरुद्ध पनि भ्रष्टाचार निवारण ऐन २०५९ को दफा ९ को ‘गलत लिखत’ तयार पारेको कसुरमा कैद र जरिवाना मागदाबी छ । उनीहरूविरुद्ध ३ महिनादेखि १ वर्षसम्म कैद र १० हजारदेखि ५० हजार रुपैयाँसम्म जरिवाना मागिएको छ ।बिगो खुलेको बाहेक पतञ्जलि योगपीठ तथा आयुर्वेद कम्पनी नेपालका शालिग्राम सिंहविरुद्ध गलत लिखत तयार पार्न कर्मचारीसँगै मतियारका रूपमा काम गरेकामा पनि मुख्य प्रतिवादीसरह नै कैद र जरिवाना मागदाबी छ ।हदबन्दीभन्दा बढी जग्गा धितो राखी तत्कालीन सनराइज बैंकबाट कर्जा प्रवाह गरेकामा काभ्रे मालपोतका विनोद कोइराला, रामकृष्ण खत्री, हरिशरण श्रेष्ठ, रामकाजी श्रेष्ठ र बद्रीप्रसाद हुमागाईं तथा गुठी संस्थान काभ्रेका पवन आचार्य र मतियारका रूपमा काम गरेकामा सनराइज बैंकका तत्कालीन प्रमुख कार्यकारी अधिकृत किशोर महर्जन, सहायक महाप्रबन्धक नीता प्रधान, जोखिम विभागका अधिकृत सुजित पोखरेल, शाखा प्रबन्धक राजीव सापकोटा, अधिकृत ममता पराजुलीलाई पनि कैद र जरिवानाको माग गरिएको छ ।काभ्रे मालपोतका अरू १३ कर्मचारीलाई पनि लिखत किर्तेमा प्रतिवादी बनाइएको छ । मालपोत कार्यालयका तत्कालीन अधिकृत प्रेमबहादुर देसार, शाखा अधिकृत नवराज बस्नेत, नासुहरू रामकृष्ण खत्री, केदारनाथ भट्टराई, विनोद कोइराला, विष्णुप्रसाद होमागाईं, रामकाजी श्रेष्ठ, हरिशरण श्रेष्ठ, रामप्रसाद सत्याल र कृष्णप्रसाद सापकोटा तथा खरिदारहरू बद्रीप्रसाद हुमागाईं, पुष्पकुमार पौडेल र रोसकाजी जस्पाउविरुद्ध भ्रष्टाचार निवारण ऐन २०५९ को दफा ९ को ‘गलत लिखत’ तयार पारेको कसुरमा ३ महिनादेखि १ वर्षसम्म कैद र १० हजारदेखि ५० हजार रुपैयाँसम्म जरिवाना माग गरिएको छ ।५५४ रोपनी जफत गर्न दुई कम्पनी र २८ व्यक्तिविरुद्ध मुद्दाबनेपामा रहेको हदबन्दी छुट जग्गा गैरकानुनी रूपमा किनबेच गरी आफ्नो नाममा राखेका दुई कम्पनी र २८ व्यक्तिविरुद्ध जग्गा जफत प्रयोजनका लागि अख्तियारले मुद्दा दायर गरेको छ । पतञ्जलिमार्फत किनबेच भएको बनेपाको ५ सय ५४ रोपनी ५ आना १ पैसा जग्गा जफत गर्न उनीहरूलाई प्रतिवादी बनाएको हो ।अख्तियारले विशेष अदालतमा दायर गरेको अभियोगपत्रअनुसार हदबन्दी छुट जग्गा हाल आफ्ना नाममा राखेकाहरू पतञ्जलि योगपीठ तथा आयुर्वेद कम्पनी नेपाल र सुसम्पन्न हाउजिङलाई प्रतिवादी बनाइएको छ ।यस्तै, भोजराज शर्मा वाग्ले, जीवनराज कँडेल, ओमप्रकाश वंशल, लक्ष्मण कार्की, गुप्तराज कोइराला, दामोदर अधिकारी, म्लाङ दोङ तामाङ, नमिता भण्डारी, निर्मला पौडेलविरुद्ध पनि जग्गा जफत प्रयोजनका लागि मुद्दा चलाइएको छ ।अख्तियारले बद्रीभक्त नाऐभा, वासुदेव थापा, यादवप्रसाद जोशी, राकेश सुवाल, राजेश त्वायना, राजेश साँद, रोशनी लक्ष्मी तुइतुई, लक्ष्मीकेशरी जाकीबञ्जार र सुरेन्द्रकुमार कोइरालालाई सोही प्रयोजनका लागि मुद्दा दायर गरेको छ । यसैगरी शिवहरि थापा, अमित श्रेष्ठ, तुल्सीराम सुवाल, नारायणकृष्ण जोशी, न्हुछेरत्न खाइतु, प्रकाश खाइजु, मीनु सुवाल, विक्रम प्रजापति, शिवनाथ त्वाना बासु र मञ्जु कवाँलाई अख्तियारले प्रतिवादी बनाएको छ ।धुलिखेलमा जग्गा किनबेच गर्नेविरुद्ध पनि मुद्दाबनेपाको हदबन्दी छुट जग्गा गैरकानुनी रूपमा बिक्री गरेर धुलिखेलमा खरिद गर्ने कार्यमा संलग्न २ कम्पनी र मालपोत कार्यालय धुलिखेलका कर्मचारीविरुद्ध पनि अख्तियारले मुद्दा दायर गरेको छ । ‘चौतारामा प्रालि’ का नामबाट हदबन्दीभन्दा बढी ८५ रोपनी ३ आना २ दाम जग्गा खरिद गरी पतञ्जलिका नाममा गैरकानुनी रूपमा ल्याइएको देखिएको भन्दै चौतारामा, पतञ्जलि र मालपोतका कर्मचारीलाई थप सजाय मागदाबी गरिएको छ ।अख्तियारले उक्त कसुरमा तत्कालीन जिल्ला मालपोत प्रमुख वेदप्रसाद अर्याल, अधिकृत उमेशराज दाहाल, नायब सुब्बाहरू तुलामणि राजभण्डारी, जीवरमण उप्रेती र मोहनप्रसाद पराजुलीलाई एकमुष्ट ५१ लाख रुपैयाँ बिगो, बिगोबमोजिम जरिवाना र कैद सजाय मागदाबी गरेको छ ।चौतारामा प्रालि र यसका संस्थापक सदस्यद्वय विश्वरत्न शाक्य र शेखरकुमार राणाविरुद्ध पनि सोही बिगो मागदाबी गरिएको छ । जग्गा हिनामिनामा मतियारका रूपमा काम गरेको भन्दै पतञ्जलि नेपालका संस्थापक राधेश्याम सर्राफलाई प्रतिवादी बनाई ५१ लाख रुपैयाँ बिगो मागदाबी गरिएको छ । उनको निधन भइसकेका कारण अख्तियारले बिगोबमोजिम जरिवाना र बिगो बराबरको रकम असुलउपर गर्न उनका छोरा अरुणकुमारलाई प्रतिवादी बनाएको छ ।भारतीय योगगुरु रामदेवको पतञ्जलि योगपीठ तथा आयुर्वेद कम्पनीले उद्योग खोल्न २०६६ सालमा काभ्रेको बनेपा नगरपालिकाअन्तर्गत नासिकास्थान, साँगा, महेन्द्रज्योति र चलाल गणेशस्थान क्षेत्रमा गरी ५ सय ९३ रोपनी ५ आना ३ पैसा जग्गा खरिद गरेको थियो । जग्गा किन्न १८ माघ २०६६ को मन्त्रिपरिषद् बैठकले पतञ्जलिलाई स्वीकृति दिएको थियो । तर त्यसको दुई महिना नबित्दै ६ चैत २०६६ मा तत्कालीन प्रधानमन्त्री माधवकुमार नेपालले मन्त्रिपरिषद्बाट अर्को निर्णय गराएर जग्गा बिक्रीको बाटो खोलिदिएका थिए ।त्यसपछि पतञ्जलिले विभिन्न व्यक्ति तथा हाउजिङ कम्पनीलाई जग्गा बिक्री गरेको थियो । हदबन्दी छुट जग्गा गैरकानुनी रूपमा खरिद–बिक्री अनुमति दिँदा नेपाल नेतृत्वको मन्त्रिपरिषद्मा श्रेष्ठ भूमिसुधारमन्त्री, सिंह कानुनमन्त्री, घिमिरे मुख्यसचिव र पन्त भूमिसुधार सचिव थिए । यस प्रकरणमा उनीहरूको सिलसिलेवार संलग्नता देखिएको छ ।हदबन्दी छुटमा किनेको जग्गा बेच्ने अनुमति माग्दै पतञ्जलि नेपाल प्रमुख सिंहले १७ फागुन २०६६ मा मन्त्री श्रेष्ठलाई सम्बोधन गरी निवेदन दिएका थिए । त्यसपछि चरणबद्ध प्रक्रियाबाट फाइल खडा गरी मन्त्रिपरिषद्मा प्रस्ताव लगिएको थियो । पतञ्जलिले किनेको हदबन्दी छुट जग्गा बिक्रीको बाटो खोल्न तत्कालीन मन्त्री श्रेष्ठलाई तत्कालीन प्रधानमन्त्री नेपालले नै निर्देशन दिएका थिए, जसलाई मन्त्री श्रेष्ठले ‘मन्त्रिपरिषद्मा पेस गर्ने प्रस्ताव’ मै उल्लेख गरेका थिए, यस तथ्यलाई अख्तियारले प्रधानमन्त्रीका रूपमा नेपालले गरेको गैरकानुनी कार्य भनी समावेश गरेको छ ।१ चैत २०६६ मा मन्त्रालयबाट पठाइएको प्रस्ताव सदर गर्दै तत्कालीन मन्त्री श्रेष्ठले ‘निवेदकको मागबमोजिम जग्गा बेचबिखन गरी सट्टापट्टा गर्न स्वीकृतिका लागि सम्माननीय प्रधानमन्त्रीज्यूबाट प्रस्ताव ल्याउन मौखिक रूपमा निर्देशन दिएको हुँदा सोअनुसार मन्त्रिपरिषद्मा पेस गर्न स्वीकृत’ भनेर रायसहित टिप्पणी लेखेका थिए ।त्यसपछि मन्त्रिपरिषद्ले ६ चैतमा ‘पतञ्जलि योगपीठ तथा आयुर्वेद कम्पनी नेपाललाई हदबन्दीभन्दा बढी जग्गाको बेचबिखन गरी सट्टाभर्ना गर्न स्वीकृति दिने’ निर्णय गरेको थियो । त्यसको १२ दिनपछि १८ चैत २०६६ मा तत्कालीन प्रधानमन्त्री नेपालले धुलिखेलमा ८८ रोपनी जग्गा किनेर पतञ्जलिले बनाउन लागेको संरचनाको शिलान्यास गरेका थिए ।भूमिसुधार विभागका तत्कालीन महानिर्देशक केशरबहादुर बानियाँले भने मन्त्रिपरिषद्को निर्णय कार्यान्वयनमा ‘असहयोग’ गरी फाइल मन्त्रालयमै फर्काइदिएका थिए । पछि २६ चैतमा मन्त्रिपरिषद्ले पुनः अघिल्लो निर्णय कार्यान्वयन गर्न ताकेता गरे पनि अघि बढ्न सकेन । मन्त्रिपरिषद्को निर्णयमा चुनौती दिएको आरोपमा बानियाँलाई २७ चैतमा जिम्मेवारीबाट हटाइएको थियो । त्यसपछि मन्त्रालयबाट सहसचिव जितबहादुर थापालाई महानिर्देशकको जिम्मेवारी दिएर योजनाबद्ध रूपमा जग्गा बिक्री प्रक्रिया अघि बढाइएको थियो ।आरोपितसँग बयानसहित विस्तृत अनुसन्धान गरेको अख्तियारले गत चैत पहिलो साता पूर्वप्रधानमन्त्री नेपालसँग बयान लिएको थियो । यस प्रकरणमा प्रतिवादी बनाइएका तत्कालीन भूमिसुधारमन्त्री श्रेष्ठको ३० असोज २०८१ मा निधन भइसकेको छ ।यसमा प्रतिवादी बनाइएका पूर्वमुख्यसचिव घिमिरे २०७३ मा सवारी दुर्घटनामा त्रिशूली नदीमा खसेर बेपत्ता छन् । पतञ्जलि प्रकरणमै प्रतिवादी बनाइएका राधेश्याम सर्राफको निधन भइसकेको छ । निधन भएकाको हकमा कैद सजाय मिनाहा हुने भए पनि बिगोको हकमा निजका नजिकका तीन जना हकदारलाई प्रतिवादी बनाएर मुद्दा दायर गरिएको छ ।पूर्वसचिव शारदाप्रसाद त्रिताल पतञ्जलि जग्गा हिनामिनामा मुख्य निर्णयाधिकारी तत्कालीन प्रधानमन्त्री नेपालसमेतलाई प्रतिवादी बनाएर मुद्दा दायर हुनु भ्रष्टाचार नियन्त्रण र सुशासन कायमका लागि ‘ऐतिहासिक’ र अख्तियारको ‘साहसिक’ निर्णय भएको बताउँछन् ।‘विगतमा कर्मचारी तहलाई देखाएर मुख्य निर्णयाधिकारी उम्किन्थे, मुख्यकर्तालाई चोख्याएर बाँकीलाई मुद्दा लैजाँदा अख्तियारको विश्वसनीयतामाथि प्रश्न उठ्ने गरेको थियो तर यस पटक त्यस्तो नियति दोहोरिएन, मुख्यकर्ता प्रतिवादी बनेका छन्,’ पूर्वसचिव त्रिताल भन्छन्, ‘नीतिगत आवरणमा राज्य दोहन गर्नेहरू कुनै न कुनै दिन कानुनी फन्दामा पर्छन् भन्ने यो दरिलो उदाहरण हो, ज–जसले भ्रष्टाचार गरेका छन्, क्रमशः सबैको पालो आउने पतञ्जलिको मुद्दाले स्पष्ट संकेत दिएको छ ।’"
विपद् जोखिम न्यूनीकरणमा विश्व समुदायबीच समन्वय अपरिहार्य : गृहसचिव दुवाडी,काठमाडौँ — स्विट्जरल्यान्डको जेनेभामा जारी ‘विपद् जोखिम न्यूनिकरणका लागि विश्वव्यापी प्लेटफर्म’ सम्मेलनमा नेपाल सरकारका गृहसचिव गोकर्णमणी दुवाडीले नेपालको वर्तमान अवस्था र प्रयासबारे जानकारी गराएका छन् । उनले जलवायु परिवर्तन तथा प्रकोप न्यूनिकरणका लागि वित्तीय प्रवाह बढाउने विषयमा विपद् जोखिमको पूर्वतयारी र त्यसको कार्यान्वयनका लागि नेपालको स्थितिको बारेमा जानकारी गराएका थिए ।उनले नेपालमा विभिन्न प्राकृतिक जोखिम रहेको उल्लेख गर्दै यसको पूर्वतयारी र समाधानका लागि नेपाल सरकारले उच्च प्राथमिकताका साथ आफ्नो प्रयास र कार्यलाई निरन्तरता दिएको बताए । यसका साथै विपद् जोखिम न्यूनिकरणका लागि विश्वव्यापी समन्वयको जरुरी रहेको समेत दुवाडीले जोड दिएका थिए ।सम्मेलनमा विश्वभरिका विपद् व्यवस्थापन र विपद् जोखिम न्यूनिकरणका विविध विषयमा छलफल तथा सम्बन्धित मुलुकको असल अभ्यासलाई प्रस्तुत गरिएको छ । विश्वमा विपद् व्यवस्थापनका लागि चलेका असल अभ्यास र एकअर्कामा गर्नुपर्ने सहयोगका विषयमा समेत यस प्रकारका सम्मेलन फलदायी हुने विश्वास गरिएको छ । यसअघि सम्मेलनलाई सम्बोधन गर्दै सशस्त्र प्रहरी महानिरीक्षक राजु अर्यालले विपद् जोखिम न्यूनीकरणमा समुदायस्तरका स्वयंसेवक र सूचकको भूमिका अत्यन्तै महत्वपूर्ण हुने बताएका थिए ।जून २ देखि सुरु भएको यो सम्मेलन भोलि जून ६ मा सकिनेछ ।
पूर्वप्रधानमन्त्री नेपालको बयान : मन्त्रिपरिषद्‍मा आउने प्रस्ताव कानुनसम्मत छ/छैन भन्ने विषय मुख्य सचिवले हेर्छन्,"काठमाडौँ — पूर्वप्रधानमन्त्री एवं नेकपा एसका अध्यक्ष माधवकुमार नेपालले मन्त्रिपरिषद्‍मा आउने प्रस्तावहरू कानुनसम्मत छन्/छैनन् भन्ने मुख्य सचिवले हेर्ने विषयको भएको बयान दिएका छन् । पतञ्जली जग्गा हिनामिना प्रकरणमा अख्तियार दुरुपयोग अनुसन्धान आयोगले २०८१ चैत ७ गते लिएको बयानमा नेपालले  गलत उद्देश्य राखी आफूले कुनै निर्णय नगरेको पनि बताएका हुन् ।बिहीबार पतञ्जली जग्गा हिनामिना प्रकरणमा पूर्वप्रधानमन्त्री एवं नेकपा एसका अध्यक्ष माधवकुमार नेपालविरुद्ध भ्रष्टाचार मुद्दा दायर भएको छ । अख्तियार दुरुपयोग अनुसन्धान आयोगले नेपालसहित जग्गा हिनामिना प्रकरणका प्रतिवादीहरूविरुद्ध बिहीबार विशेष अदालतमा मुद्दा दायर गरेको हो ।पतञ्जलीका नाममा हदबन्दी छुटमा जग्गा खरिद गर्न र किनेको दुई महिना नबित्दै गैरकानुनी रूपमा हाउजिङ कम्पनीलाई बेच्ने स्वीकृति दिन तत्कालीन प्रधानमन्त्री नेपालले नै निर्देशन दिएका थिए। २०६६ सालमा भारतीय योगगुरु रामदेवको पतञ्जली योगपीठ तथा आयुर्वेद कम्पनीले काभ्रेको बनेपामा ५ सय ९३ रोपनी जग्गा खरिद गरी ३ सय ५३ रोपनी हाउजिङ कम्पनीलाई बेचिएको थियो ।अख्तियारसँगको बयानमा पूर्वप्रधानमन्त्री नेपालले भने २०६६ पुस २९ गते बसेको मन्त्रिपरिषद्को बैठकको निर्णय के कुन आधारमा गरिएको हो भन्ने विषयममा आफूलाई ठ्याक्कै सबै याद नभएको बताएका छन् । 'तलैबाट आएका सबै निर्णय कानुनसम्मत छ छैन हेर्ने काम मुख्य सचिवको टिमको हुन्छ। मुख्य सचिवले सबै हिसाबले प्रस्ताव उपयुक्त छ भन्ने ठहर गरी प्रधानमन्त्री र पछि मन्त्रिपरिषद्‍मा पेस गरेपछि त्यहाँबाट निर्णय हुने गर्छ। प्रश्न उठेमा, शंका लागेमा वा थप बहसको आवश्यकता महसुस भएमा त्यो विषय थप छलफल र बहसको विषय बन्छ,' नेपालले बयानमा भनेका छन्, 'हैन भने आएका प्रस्तावलाई मन्त्रिपरिषद्ले पारित गर्दछ। प्रधानमन्त्री एक्लैले कुनै निर्णय गर्न पाउँदैनन् र त्यस्तो चलन भएको मलाई जानकारी छैन। पतञ्जली योग पीठ तथा आयुर्वेद कम्पनी नेपालले माग गरेको हदबन्दीभन्दा बढी जग्गा के कुन प्रयोजनमा प्रयोग गर्न खोजेको भन्ने विषयमा यकिन नभई के कसरी कुन आधारमा निर्णय भयो भन्ने बारेमा कुनै याद छैन।'पतञ्जलीलाई हदबन्दी छुटको जग्गा खरिद र बिक्री गर्न अनुमति दिँदा नेपाल नेतृत्वको मन्त्रिपरिषद्मा भूमिसुधारमन्त्रीमा डम्बर श्रेष्ठ, मुख्य सचिवमा माधव घिमिरे र भूमिसुधार सचिवमा छविराज पन्त थिए । पतञ्जलीको जग्गा बेच्न प्रस्ताव अघि बढाउन मन्त्री श्रेष्ठलाई तत्कालीन प्रधानमन्त्री नेपालले नै निर्देशन दिएको लिखित तथ्य अनुसन्धानमा फेला परेको अख्तियारको दाबी छ । तत्कालीन मुख्यसचिव घिमिरे १० वर्षअघिको जिप दुर्घटनामा त्रिशूलीमा बेपत्ता भएका थिए । त्यसैले उनकी श्रीमती कमला घिमिरेलाई प्रतिवादी बनाइएको छ ।यस्तो छ नेपालको बयानमन्त्रिपरिषद्को मिति २०६६।०९।२२ गतेको निर्णयबाट नै उद्योग प्रतिष्ठानहरुलाई अधिकतम हदबन्दी भन्दा बढी जग्गा राख्न छुट दिने सम्बन्धी कार्यनीति, २०६२ को स्थगन भएको अवस्थामा पतञ्जली योगपीठ तथा आयुर्वेद कम्पनी नेपाललाई हदबन्दीभन्दा बढी जग्गा खरिद गर्न स्वीकृत दिने उद्देश्यका साथ मन्त्रिपरिषद्को मिति २०६६।०९।२९ को बैठकबाट “मन्त्रिपरिषद्, विधेयक समितिमा छलफल गरी समितिको निर्णयबमोजिम गर्ने” भनी के कसरी निर्णय भयो भन्ने विषयमा मलाई कुनै कुरा याद छैन। मन्त्रिपरिषदको मिति २०६६।०९।२९ गतेको बैठकको निर्णय के कुन आधारमा गरिएको हो भन्ने विषयममा मलाई ठ्याक्कै सबै याद छैन।कुनै समस्या उत्पन्न भएको सन्दर्भमा यो कुरा आएको हुनुपर्छ। तर जुनसुकै समस्या आए पनि कानून नियम नमिची, देशलाई कुनै नोक्सानी नहुने गरी बरु देश र जनतालाई फाइदा हुने गरी कुनै पनि निर्णय र काम हुनुपर्छ भन्ने मेरो मान्यता रहेको छ। सामाजिक समितिको कार्यक्षेत्र भित्र रहेको विषयमा सो कार्यक्षेत्र नपर्ने विधेयक समितिलाई निर्णय गर्न जिम्मा दिने गरी निर्णय मन्त्रिपरिषदको मिति २०६६।०९।२९ गतेको निर्णय के कति कारणले भयो भन्ने सम्बन्धमा मलाई याद छैन। कुनै समस्या उत्पन्न भएपछि सरोकारवाला मन्त्रालय वा मुख्य सचिवबाट यस समस्याको समाधान गर्ने कानूनी बाटो यस्तो रहेछ भनेर प्रस्तावहरु आए पछि मन्त्रीहरुसमेत सहमत भए पछि यो निर्णय भएको हुनुपर्छ। भूमि सम्बन्धी ऐन, २०२१ र उद्योग प्रतिष्ठानहरुलाई अधिकतम हदबन्दी भन्दा बढी जग्गा राख्न छुट दिने सम्बन्धी कार्यनीति, २०६२ बमोजिम पतञ्जली योग पीठ तथा आयूर्वेद कम्पनी नेपाललाई हदबन्दीभन्दा बढी जग्गा राख्न छुट दिन मिल्ने अवस्था के कति कारणले हदबन्दी छुट दिने निर्णय भयो भन्ने सम्बन्धमा मलाई स्पष्ट याद आइ रहेको छैन।तर कुनै पनि काम गर्दा नियम, विधी पुर्‍याई देश र जनतालाई हित हुने कुरालाई केन्द्रबिन्दुमा राख्नु पर्छ भन्ने मेरो सधै मान्यता रहि आएको छ। तत्कालीन कर्मचारी, निकाय र कानूनसँग जोडिएको निकायले यसमा ध्यान पुर्‍याउनुपर्ने हो। यसमा म जोड दिन चाहन्छु। तर यी कुनै पनि काम निजी स्वार्थ प्रेरित गलत उद्देश्य राखी म बाट भएको छैन भन्ने कुरा ठोकुवाका साथ भन्न चाहन्छु। मन्त्रिपरिषद्को मिति २०६६।०९।२९ र मन्त्रिपरिषद्, विधेयक समितिको मिति २०६६।१०।१८ गतेको निर्णयहरु हुनुभन्दा अगावै पतञ्जली योग पीठ तथा आयूर्वेद कम्पनी नेपालले काभ्रेपलाञ्चोक जिल्लामा ५५० रोपनीभन्दा बढी जग्गा खरिद गरी उक्त हदभन्दा बढी जग्गा मिति २०६५/११/१६ गते सनराइज बैंक लिमिटेडमा धितोमा राखी ऋणसमेत चलाईसकेकोमाउक्त गैरकानूनी कार्यको प्रतिफललाई वैधानिकता दिने गरी के कति कारणले मन्त्रिपरिषद् र मन्त्रिपरिषद्, विधेयक समितिबाट निर्णय भएको हो भन्ने विषयमा मलाई जानकारी र याद भएन। मन्त्रिपरिषद्‍मा कुनै पनि प्रस्ताव पेश गर्नु पूर्व त्यसका तल देखिका प्रकृया हुन्छन्। तलैबाट आएका सबै निर्णय कानून सम्मत छ छैन हेर्ने काम मुख्य सचिवको टिमको हुन्छ। मुख्य सचिवले सबै हिसाबले प्रस्ताव उपयुक्त छ भन्ने ठहर गरी प्रधानमन्त्री र पछि मन्त्रिपरिषद्‍मा पेश गरेपछि त्यहाँबाट निर्णय हुने गर्छ।प्रश्न उठेमा, शंका लागेमा वा थप बहसको आवश्यकता महसूस भएमा त्यो विषय थप छलफल र वहसको विषय बन्छ। हैन भने आएका प्रस्तावलाई मन्त्रिपरिषद्ले पारित गर्दछ। प्रधानमन्त्री एक्लैले कुनै निर्णय गर्न पाउँदैनन् र त्यस्तो चलन भएको मलाई जानकारी छैन। पतञ्जली योग पीठ तथा आयूर्वेद कम्पनी नेपालले माग गरेको हदबन्दी भन्दा बढी जग्गा के कुन प्रयोजनमा प्रयोग गर्न खोजेको भन्ने विषयमा एकिन नभई के कसरी कुन आधारमा निर्णय भयो भन्ने बारेमा कुनै याद छैन। मिति २०६६/१०/१८ गतेविधेयक समितिबाट बेचबिखन गर्न नपाउने गरी पतञ्जली योग पीठ तथाआयुर्वेद कम्पनी नेपाललाई हदबन्दी छुट दिने निर्णय गरेकोमा मिति २०६६/१२/०६ गते मन्त्रिपरिषद्‍बाट बेचबिखन गर्न दिने गरी निर्णय के कुन आधारमाभयो भन्ने विषयमा मलाई याद भई रहेको छैन। पतञ्जली योग पीठ तथा आयूर्वेद कम्पनी नेपाललाई हदबन्दीभन्दा बढी जग्गाको वेचबिखन गरी सट्टापट्टा गर्न स्वीकृत दिने विषयमा तत्कालीन भूमिसुधार तथा व्यवस्था मन्त्रीले टिप्पणीमा नै “निवेदकको माग बमोजिम जग्गा बेचबिखन गरी सट्टापट्टा गर्न स्वीकृतको लागि सम्मानित प्रधानमन्त्री ज्यूबाट प्रस्ताव ल्याउन मौखिक रुपमा निर्देशन दिएको हुँदा सो अनुसार मन्त्रिपरिषद्‍मा पेश गर्न स्वीकृत” भनी निर्णय गरेको भन्ने विषयमा मलाई स्मरण भई रहेको छैन। म कुनै पनि निजी स्वार्थ प्रेरित काम गर्ने कुराको घोर विरोधी हुँ। त्यसरी नियम कानून विपरित राष्ट्रलाई घाटा हुने गरी कानून मिचिने गरी कुनै आदेश, निर्देशन म बाट कसैलाई मन्त्रीसमेतलाई दिइएको छैन।पतञ्जली योग पीठ तथा आयूर्वेद कम्पनी नेपालले कुन कुन जग्गा, कति क्षेत्रफल विक्रि गर्न खोजेको हो साथै उक्त कम्पनीले विक्रि गर्न खोजेको जग्गाहरु उक्त कम्पनीको नाममा के कसरी र कहिले कायम भयो भन्ने समेत नखुलाई विक्रि गरी सट्टापट्टा गर्न दिने निर्णयको विषयमा मलाई स्मरण भई रहेको छैन। जहाँ सम्म मेरो नियत र बदनियतको कुरा छ म दावाका साथ भन्न चाहन्छु मेरो यसमा कुनै कुनियत, बदनियत वा निजी हित वा निजी स्वार्थ रहेको छैन। मैले कसैलाई पनि नियम कानून र विधी मिचेर काम गर्नु भनेर निर्देशन वा आदेश दिएको छैन। मेरो यस्ता कुरामा कुनै संलग्नता रहेको छैन। मेरो कुनै पनि निर्णयहरु राष्ट्र र जनाताको हितका लागि मुलुकको नियम, कानून र विधि प्रकृया अनुरुप हुनुपर्दछ भन्ने मेरो मान्यता रहने गरेको छ। मलाई शंका नगर्न, मेरो नियतमा प्रश्न नगर्न म अनुरोध गर्न चाहन्छु। कुनै अनुचित काम र कुरा म बाट नियतपूर्वक भएको छ भने सम्पूर्ण सजाय भोग्न तयार छु। अनुचित काम र कुरा रोक्ने कुरामा मेरो पूर्ण साथ र सहयोग रहने छ। म फेरि पनि भन्न चाहन्छु कि मैले कुनै पनि निर्णय निजी स्वार्थबाट प्रेरित भई वा जानाजान देशलाई नोक्सान हुने गरी गरिएको छैन।"
"केयूकेएलका कर्मचारीको आन्दोलन जारी, आइतबारदेखि कार्यकक्षमा तालाबन्दी गर्ने चेतावनी","काठमाडौँ — २२ दिनदेखि आन्दोलित काठमाडौं उपत्यका खानेपानी लिमिटेड (केयूकेएल) मा रहेका ट्रेड युनियन कर्मचारीले बिहीबार पनि केयूकेएल कार्यालय सुन्धारामा धर्ना  दिएका छन् ।नेपाल राष्ट्रिय कर्मचारी महासंघ, राष्ट्रिय प्रजातान्त्रिक ट्रेड युनियन महासंघ, नेपाल राष्ट्रिय कर्मचारी महासंघ, नेपाल राष्ट्रिय कर्मचारी संगठन संस्थान राष्ट्रिय समिति आजको धर्नामा सहभागी थिए ।जेठ १ देखि आन्दोलन सुरु गरेका कर्मचारीले प्रमुख कार्यकारी अधिकृतको राजीनामा, खानेपानी आपूर्ति, नीतिगत सुधार, समयमै साधारणसभा लगायतको माग राखेका छन् । ४ गते कर्मचारी संघ, लोकतान्त्रिक कर्मचारी संघ, स्वतन्त्र कर्मचारी युनियन, कर्मचारी संघ, कर्मचारी कल्याण परिषद्ले धर्ना दिएका थिए ।अध्यक्ष धामीले ट्रेड युनियनका कर्मचारीलाई पटकपटक बेवास्ता गरेको बताए । उनले भने , ‘कम्पनीको बेवास्ता गर्ने, कर्मचारीलाई कारबाही गर्छु भन्ने, ट्रेड युनियन खारेज गर्छु भन्नेजस्ता अभिव्यक्ति दिनु आफैंमा लज्जास्पद हो ।’वैशाख १५ गते विभिन्न ट्रेड युनियनले केयूकेएलका प्रमुख कार्यकारी अधिकृत अशोककुमार पौडेललाई राजीनामा दिन १६ दिने अल्टिमेटमसहित ज्ञापनपत्र बुझाएका थिए । तर वैशाख ३१ गतेसम्म पनि माग पूरा नभएपछि आन्दोलनमा उत्रिन बाध्य भएको एकीकृत स्वतन्त्र कर्मचारीका अध्यक्ष गोपाल सिंह धामीले बताए ।आधिकारिक ट्रेड युनियनले २०८० जेठ २८ मा व्यवस्थापन समक्ष १८ वटा माग राखेका थिए ।कर्मचारी संघका अध्यक्ष केशव अधिकारीले कामदारको श्रमशोषण भएको आवाज उठाउँदै आएको बताए ‘संस्थागत, नीतिगत र संरचनागत सुधार गर्ने कुरामा अधिकृत चुक्दै गएका छन्,' उनले भने । केयूकेएल कर्मचारी संगठनका उपाध्यक्ष ओम ढकालले कार्यकारी अधिकृतले १४ महिनादेखि संस्थामा अवरोध मात्र पुर्‍याएको र कुनै काम गर्न नसकेकाले उनको राजीनामा माग गरिएको बताए ।अधिकृत पौडेलले शुक्रबारसम्म राजीनामा नदिए आइतबारदेखि कार्यकक्षमा तालाबन्दी गर्ने कर्माचारीले घोषणा गरेका छन् ।केयूकेएलमा २०७८ सालदेखि कम्पनीको साधारणसभा समेत हुन सकेको छैन । वार्षिक साधारणसभा सम्पन्न गराउन, साधारण सेयर निस्कासन, संस्थागत तथा नीतिगत सुधार कार्यान्वयन, मेलम्चीको पानी सर्वसुलभ उपलब्ध गराउनुपर्ने लगायत माग राखेर कर्मचारी २०७८ असोज १४ मा पनि आन्दोलित भएको उपाध्यक्ष ढकालले बताए ।- प्रशिक्षार्थी"
तुलसी सहकारी ठगी काण्ड : अध्यक्षसहित तीन जनालाई कैद,"विराटनगर — विराटनगरस्थित तुलसी बहुमुखी सहकारी संस्थाको करोडौं रुपैयाँ अपचलन गरेको ठहर गर्दै मोरङ जिल्ला अदालतले अध्यक्षसहित तीन जनालाई कैद, जरिवाना र बिगो तिर्ने सजाय सुनाएको छ ।जिल्ला न्यायाधीश सीता शर्मा अधिकारीको एकल इजलासले बिहीबार सहकारीका अध्यक्ष केदारनाथ शर्मालाई ६ वर्ष कैद, ६९ करोड ५९ लाख २१ हजार २६८ रुपैयाँ बिगो र सो बराबरकै जरिवाना तोकेको छ । साथै, पीडित राहत कोषमा २ करोड ७० लाख ३६ हजार ८५० रुपैयाँ बुझाउन पनि अदालतले आदेश दिएको जिल्ला अदालतका श्रेस्तेदार मणि पोखरेलले जानकारी दिए ।त्यसैगरी, सहकारीका क्षेत्रीय प्रबन्धक मन्दीप खवासलाई २ वर्ष २ महिना कैद, २७ लाख रुपैयाँ बिगो र त्यति नै जरिवाना तोकिएको छ । उनलाई राहत कोषमा १ लाख ८ हजार रुपैयाँ जम्मा गर्न आदेश दिइएको छ ।सहकारीकी सचिव सविना न्यौपानेलाई भने २ वर्ष कैद र पीडित राहत कोषमा ६ सय रुपैयाँ बुझाउन आदेश दिइएको छ ।सहकारीको नाममा सदस्यहरूबाट संकलन गरिएको ठूलो रकम हिनामिना भएको भन्दै पीडितहरूले पटक–पटक न्याय माग्दै आएका थिए । अदालतको पछिल्लो फैसलाले लामो समयदेखि न्यायको पर्खाइमा रहेका पीडितहरूले राहत पाएका छन् ।"
नेपालमाथि भ्रष्टाचार मुद्दा लगाउनु राजनीतिक प्रतिशोध र षड्यन्त्र : नेकपा एस,"काठमाडौँ — नेकपा एकीकृत समाजवादीले अध्यक्ष माधवकुमार नेपालमाथि भ्रष्टाचार मुद्दा लगाउनु राजनीतिक प्रतिशोध र षड्यन्त्र भएको निष्कर्ष निकालेको छ ।अख्तियार दुरुपयोग अनुसन्धान आयोगले बिहीबार नेपालमाथि मुद्दा लगाएपछि बसेको सचिवालय बैठकले राजीतिक प्रतिशोध र षड्यन्त्र भएको भन्दै राजनीतिक रुपमा प्रतिवाद गर्ने निर्णय गरेको छ ।‘अध्यक्षमाथि मुद्दा लगाउनु राजनीतिक प्रतिशोध लिँदै षडयन्त्रमूलक प्रहार भएको निष्कर्ष छ,’ उपाध्यक्ष प्रकाश ज्वालाले भने, ‘हामी यसलाई राजनीतिक रुपमा प्रतिवाद गर्छौं ।’पदाधिकारी बैठकले नेपालविरुद्ध अख्तियारमा मुद्दा दर्ता भइसकेकाले तथ्य प्रमाण जुटाएर कानुनी रुपमा अघि बढ्ने निर्णय गरेको छ । नेकपा एसले मन्त्रिपरिषद्ले गरेका नीतिगत निर्णय हालसम्म अख्तियारले नहेरेको उल्लेख गर्दै नेपालमाथि मुद्दा लगाउनुमा सरकारको छाया अख्तियारमा परेको दाबी गरेको छ ।‘सरकारको छाया अख्तियारमा परेको हुनाले यसमा राजनीतिक प्रतिशोध र षड्यन्त्र छ,’ ज्वालाले भने ।पतञ्जलि जग्गा हिनामिना प्रकरणमा पूर्वप्रधानमन्त्री एवं नेकपा एसका अध्यक्ष नेपालसहितलाई प्रतिवादी बनाएर अख्तियारले विशेष अदालतमाबिहीबार भ्रष्टाचार मुद्दा दायरगरेको छ ।"
आज देश दुनियाँमा के-के भयो ?,"काठमाडौँ — पतञ्जली जग्गा प्रकरणमा पूर्वप्रधानमन्त्री माधव नेपालसहित ९३ विरुद्ध भ्रष्टाचार मुद्दा, भिजिट भिसा प्रकरणमा गृहमन्त्रीको राजीनामा माग्दै बिहीबार पनि संसद्‌मा अवरोध, अमेरिकी राष्ट्रपतिद्वारा हार्वर्ड अध्ययन गर्ने विदेशी विद्यार्थीको भिसा रद्ददेखि महिला फुटबल प्रशिक्षकमा प्याट्रिक डे विल्ड नियुक्तसम्मका खबर आज चर्चामा रहे ।000पतञ्जली जग्गा हिनामिना प्रकरणमा पूर्वप्रधानमन्त्री एवं नेकपा एसका अध्यक्षमाधवकुमार नेपालसहितलाई प्रतिवादी बनाएर दायर गरिएको भ्रष्टाचार मुद्दामा १८ करोड ५८ लाख ५० हजार रुपैयाँ बिगो कायम गरिएको छ । पूर्वप्रधानमन्त्री नेपाल, तत्कालीन भूमि सुधार मन्त्रालयका सचिव छविराज पन्त तथा पतञ्जली योगपीठ तथा आयुर्वेद कम्पनी, नेपालका प्रमुख शालिग्राम सिंहसहित ९३ जनालाई प्रतिवादी बनाएर अख्तियार दुरुपयोग अनुसन्धान आयोगले बिहीबार विशेष अदालतमा मुद्दा दायर गरेको हो ।000भिजिट भिसा प्रकरणमा गृहमन्त्री रमेश लेखकको राजीनामा माग गर्दै विपक्षी दलहरूलेसदन अवरुद्धगरिरहेका छन् । प्रतिनिधिसभाको बैठक बिहीबार दिउँसो १ बजे बोलाइए पनि विपक्षी दलहरूले उठाएका विषयमा सत्तापक्ष सहमत नहुँदा र विपक्षी दलहरू आफ्नो अडानबाट पछाडि नहट्दा अवरोधको अवस्था आएको हो । संसद्मा आफ्ना धारणा राख्नका लागि गृहमन्त्री लेखकले समय माग गरेका छन् ।000नेपाल सरकारले संयुक्त अरब इमिरेट्स(यूएई) जाने नेपाली श्रमिकको न्यूनतम तलब एक हजार दिराम निर्धारणगरेको छ । अब सरकारले योभन्दा कममा श्रमिक माग गर्ने रोजगारदाताको मागपत्र प्रमाणीकरण गर्ने छैन । श्रम, रोजगार तथा सामाजिक सुरक्षामन्त्री शरतसिंह भण्डारीले यूएई जाने श्रमिकको न्यूनतम तलब निर्धारण गर्ने बिहीबार निर्णय गरेका हुन् ।000अमेरिकी राष्ट्रपति डोनाल्ड ट्रम्पले हावर्ड विश्वविद्यालयमा पढ्न वा एक्सचेन्ज प्रोग्रामुमा भाग लिन चाहने विदेशी विद्यार्थीको प्रवेशमा अस्थायी रुपमा रोक लगाएका छन् । राष्ट्रपतिट्रम्पले ६ महिनाका लागि विदेशी विद्यार्थीको प्रवेशमा रोक लगाएका हुन् । अमेरिकी राष्ट्रपतिले बुधबार ‘राष्ट्रिय सुरक्षाको चिन्ता’ देखाउँदै हार्वर्ड विश्वविद्यालयमा विदेशी विद्यार्थीको भर्ना रोक्ने निर्णय गरेका हुन् ।000अखिल नेपाल फुटबल संघ (एन्फा) ले बिहीबारनेपाली महिला राष्ट्रिय टिमको मुख्य प्रशिक्षकमा बेल्जियमका प्याट्रिक डे विल्ड नियुक्तगरेको छ । एन्फा महासचिव किरण राईले सातदोबाटोको एन्फा कम्प्लेक्समा भएको कार्यक्रममा सम्झौतामा हस्ताक्षर गरेका छन् । उनी नेपाली महिला राष्ट्रिय टिम सम्हाल्ने दोस्रो प्रशिक्षक हुन् ।"
विश्व वातावरण दिवस मनाइयो,"काठमाडौँ — वातावरण विभागले ‘प्लास्टिक प्रदूषण न्युनीकरण : हाम्रो दायित्व’ भन्ने नाराका साथ विश्व वातावरण दिवस मनाएको छ । हरेक वर्ष जुन ५ मा मनाइने अन्तर्राष्ट्रिय वातावरण दिवसको अवसरमा विभागले बिहीबार काठमाडौंमा विभिन्न कार्यक्रम आयोजना गर्‍यो ।वन तथा वातावरण राज्यमन्त्री रुपा विकले प्लास्टिक प्रदूषण विश्वमै गम्भीर चुनौतीको रुपमा देखिएको र यसको निराकरणमा सबै तह लाग्नुपर्ने बताइन् । ‘सहरमा मात्र प्लास्टिकको प्रदूषण देखिन्थ्यो तर अहिले गाउँमा पनि प्लास्टिकको प्रदूषण पुग्न थालेको छ,’ उनले भनिन्, ‘यसको निराकरणमा सबै लाग्नुपर्छ । यसमा हामी सबै तह संवेदनशील हुनुपर्ने देखिएको छ ।’प्लास्टिक प्रदूषण निराकरणमा कसरी व्यवहारिक बन्ने विषयमा सबैले सोच्न जरुरी रहेको उनले बताइन् । साथै उनले वातावरण प्रदूषण वन मन्त्रालयको मात्र विषय नभएकाले यसमा सबै मन्त्रालय लाग्नुपर्नेमा जोड दिइन् । ‘वातावरण प्रदूषण वन मन्त्रालयको मात्र यसको हिस्सेदार हो भन्न मिल्दैन,’ उनले भनिन्, ‘यसमा अन्तरमन्त्रालयकाको समन्वय र सहकार्य अत्यन्तै महत्वपूर्ण हुन्छ ।’ यसैगरी प्लास्टिक प्रतिबन्धको विषयमा सबैले सहयोग गर्नुपर्ने र कार्यान्वयनमा जानुपर्ने उनको भनाइ छ ।वातावरण विभागका विभागका महानिर्देशक ज्ञानराज सुवेदीले प्लास्टिक प्रयोगको बानीलाई कम गर्नुपर्ने बताए । ‘प्लास्टिकजन्य फूल, पुष्पगुच्छालाई पूर्ण रुपमा निषेध गरिएको छ । तर पनि बजारमा कहींकहीं पाइन्छ,’ उनले भने, ‘हामीले प्लास्टिकको प्रयोगलाई कम गर्नुपर्छ । प्लास्टिकको प्रयोगको बानीलाई कम गर्नुपर्छ ।’विगतमा प्लास्टिकको चरम प्रयोग नभएको तर अहिले सबैतिर यसको प्रयोग बढीरहेको र यसलार्य कम गर्नुपर्ने उनले बताए । सरकारले आगामी आर्थिक वर्षको बजेटमार्फत ४० माइक्रोनभन्दा कम प्लास्टिक झोला प्रयोग गर्न नपाइने भनेको छ । यसमा वातावरण विभागले निर्देशिका पनि जारी गरिसकेको छ । तर कार्यान्वयनको पक्ष भने सधैं कमजोर देखिएको राष्ट्रिय योजना आयोगका उपाध्यक्ष प्रा.डा.शिवराज अधिकारीले बताए । ‘कानुनमा यो गर्नुपर्छ भन्ने व्यवस्था छ,’ उनले भने, ‘तर यसको कार्यान्वयनमा कसरी जाने भन्ने कमजोरी रहेको छ ।’ यसका लागि समन्वय र समझदारीपूर्वक अगाडि बढ्न आगामी आर्थिक वर्षभित्र कार्यान्वयन योजना आयोगले बनाउन गइरहेको उनले बताए । बजेट आइसकेको र सबै निकाय मिलेर काम गर्नेुपर्नेमा समेत उनले जोड दिए ।मन्त्रालयका सचिव डा.राजेन्द्रप्रसाद मिश्रले प्लास्टिकले सय वर्षको यात्रा पार गरिसकेको र मानव जीवनसँग नजिकसँग जोडिएको बताए । ‘यसबाट छुटकारा पाउन सजिलो छैन । तर न्यूनीकरण नगर्ने हो भने यसले भोलीको दिनमा मानव सभ्यतालाई जोखिममा पार्छ,’ उनले भने, ‘त्यसैले हामीले प्लास्टिकको न्यूनीकरण गरौं भन्ने नाराका साथ यस वर्षको वातावरण दिवस मनाउन गइरहेका छौं ।’ प्लास्टिकको प्रयोग गरिन्जेल ठीक हुने तर त्यसपछि वातावरणमा पार्ने असर खतराजन्य हुने बताउँदै सचिव मिश्रले पुनःप्रयोगमा लगानी गर्न आवश्यक रहेको उनले बताए ।नेपाल उद्योग वाणिज्य महासंघका अध्यक्ष चन्द्रप्रसाद ढकालले निजी क्षेत्रले व्यावसायिक गतिविधि बढाउँदा वातावरणलाई ध्यानमा राख्दै आएको बताए । ‘वातावरण र विकासलाई सँगसँगै लानुपर्छ भन्ने निजी क्षेत्रको धारणा छ,’ उनले भने, ‘तर वातावरणको नाममा कतिपय अवस्थामा विकास अगाडि लानु हुँदैन भन्ने पनि देखिएको छ । कुनै कुरालाई नकरात्मक रुपमा मात्र हेर्‍यौं भने त्यसले केही कुरामा पनि योगदान दिँदैन ।’यस अवसरमा विभागले वातावरण प्रदूषणसम्बन्धी जानकारी दिन दुई वटा पुस्तकसमेत विमोचन गरेको छ । देशभर रहेका वायु गुणस्तर मापन गर्ने स्टेसनबाट प्राप्त तथ्यांक रहेको पुस्तक ‘स्टाटस अफ एयर क्वालिटी इन नेपाल एनुअल रिपोर्ट, २०२४’ र वायु प्रदुषणसम्बन्धी जानकारी दिन ‘वायु प्रदूषणसम्बन्धी आधारभूत जानकारी’ पुस्तक वन तथा वातावरण राज्यमन्त्री विकले विमोचन गरिन् ।"
"प्रतिनिधिसभाको दिउँसो १ बजे बोलाइएको बैठक साढे ५ मा सुरु, विपक्षीद्वारा अवरुद्ध",काठमाडौँ — प्रतिनिधिसभाको दिउँसो १ बजे बोलाइएको बैठक अपराह्न साढे ५ बजे सुरु भएको छ । बैठकमा विपक्षी दलहरूले उभिएर विरोध गरिरहेका छन् ।भिजिट भिसा प्रकरणमा गृहमन्त्री रमेश लेखकको राजीनामा माग गर्दै विपक्षी दलहरूले सदन अवरुद्ध गरिरहेका छन् ।प्रतिनिधिसभाको बैठक बिहीबार दिउँसो १ बजे बोलाइए पनि विपक्षी दलहरूले उठाएका विषयमा सत्तापक्ष सहमत नहुँदा र विपक्षी दलहरू आफ्नो अडानबाट पछाडि नहट्दा अवरोधको अवस्था आएको हो ।संसद्मा आफ्ना धारणा राख्नका लागि गृहमन्त्री लेखकले समय माग गरेका छन् ।प्रतिनिधिसभाको अर्को बैठक शुक्रबार १ बजेसम्मका लागि स्थगित गरिएको छ ।
यूएई जाने नेपाली श्रमिकको न्यूनतम तलब एक हजार दिराम निर्धारण,"काठमाडौँ — नेपाल सरकारले संयुक्त अरब इमिरेट्स (यूएई) जाने नेपाली श्रमिकको न्यूनतम तलब एक हजार दिराम निर्धारण गरेको छ । अब सरकारले योभन्दा कममा श्रमिक माग गर्ने रोजगारदाताको मागपत्र प्रमाणीकरण गर्ने छैन ।श्रम, रोजगार तथा सामाजिक सुरक्षामन्त्री शरतसिंह भण्डारीले यूएई जाने श्रमिकको न्यूनतम तलब निर्धारण गर्ने बिहीबार निर्णय गरेका हुन् । ‘यूएई नेपाली श्रमिकको आकर्षकको गन्तव्य हो । तर, यूएईमा कार्यरत नेपाली श्रमिकको न्यूनतम तलब निकै कम ८ सय दिराम थियो,’ उनले कान्तिपुरसँग भने,‘हामीले यूएईमा रहेको नेपाली दूतावासको सिफारिसमा नयाँ तलब निर्धारण गरेका छौं ।’मन्त्री भण्डारीले अदक्ष, अर्धदक्ष र दक्ष श्रमिकको अलग-अलग तलब निर्धारण गरेको बताए । जसअनुसार अदक्षको एक हजार दिराम, अर्धदक्षको १२ सय दिराम र दक्षको १५ सय दिराम निर्धारण गरिएको छ । ‘न्यून तलबमा काम गर्ने श्रमिकलाई ठूलो राहत हुन्छ । यो सम्बन्धित दूतावासमा पठाउछौं,’ उनले भने,‘यूएईले आफैंले न्यूनतम तलब तोकेको छैन । नेपाल सरकारले बजारको अवस्था हेरेर तलब निर्धारण गरेको हो । दूतावासले योभन्दा तल मागपत्र प्रमाणीकरण गर्दैन । यो तलब नदिने रोजगारदाताले नेपाली श्रमिक लैजान पाउने छैनन् ।’ यूएईमा हाल ७ लाख नेपाली कार्यरत छन् ।"
मेरो राजनीतिक करियर समाप्त पार्ने केपी ओलीको नियत नै हो : नेपाल,"काठमाडौँ — पूर्वप्रधानमन्त्री एवं नेकपा एसका अध्यक्ष माधवकुमार नेपालले प्रधानमन्त्री एवं एमाले अध्यक्ष केपी ओलीकै निर्देशनमा आफूविरुद्ध मुद्दा दर्ता भएको बताएका छन् । पतञ्जली जग्गा हिनामिना प्रकरणमा अख्तियार दुरुपयोग अनुसन्धान आयोगले विशेष अदालतमा भ्रष्टाचार मुद्दा दायर गरेपछि नेपालले प्रतिक्रिया दिँदै ओली सुरुदेखि नै आफूविरुद्ध लागेको बताएका हुन् ।'उहाँ मेरोविरुद्धमा सुरुदेखि नै लाग्नुभएको हो । मेरो राजनीतिक करियर समाप्त पार्ने उहाँको नियत नै हो । पहिले पनि यस्तै किसिमले पटक-पटक कोसिस गर्नुभएकै हो । उहाँ बदलाको भावनाबाट चल्नु भएको छ,' रौतहटमा सञ्चारकर्मीहरूसँगको कुराकानीमा उनले भने ।पतञ्जली प्रकरणमा आफूले कुनै बदमासी नगरेको समेत नेपालको दाबी छ । 'कसले के लुपहोल राखे होलान्, मलाई त्यसबारे जानकारी भएन। पतञ्जलीजस्तो संस्थामा त्यस्तो होला भन्ने मैले कल्पना पनि गरेको थिइनँ,' उनले भने । आफूले मुद्दाबारे जानकारी लिने र कानुन व्यवसायीसँग परामर्श गर्ने पनि नेपालले बताए ।अख्तियार दुरुपयोग अनुसन्धान आयोगले नेपालसहित जग्गा हिनामिना प्रकरणका प्रतिवादीहरूविरुद्ध बिहीबार विशेष अदालतमा मुद्दा दायर गरेको छ । पतञ्जलीका नाममा हदबन्दी छुटमा जग्गा खरिद गर्न र किनेको दुई महिना नबित्दै गैरकानुनी रूपमा हाउजिङ कम्पनीलाई बेच्ने स्वीकृति दिन तत्कालीन प्रधानमन्त्री नेपालले नै निर्देशन दिएका थिए।२०६६ सालमा भारतीय योगगुरु रामदेवको पतञ्जली योगपीठ तथा आयुर्वेद कम्पनीले काभ्रेको बनेपामा ५ सय ९३ रोपनी जग्गा खरिद गरी ३ सय ५३ रोपनी हाउजिङ कम्पनीलाई बेचिएको थियो ।"
हेटौंडामा धान पकेट क्षेत्रका कृषकलाई कृषि उपकरण,"काठमाडौँ — हेटौंडा उपमहानगरपालिकाले धान पकेट क्षेत्रका कृषकलाई १३ लाख मूल्य बराबरको  कृषि उपकरण वितरण गरेको छ ।बागमती प्रदेश सरकारसँगको सहकार्यमा उपमहानगरले हेटौंडा–१७ हटियामा रहेको साना किसान कृषि सहकारी संस्थामा आबद्ध धान खेती गर्ने कृषकलाई उपकरण वितरण गरेको हो । पकेट क्षेत्रका लागि चालु आव उपमहानगरले १३ लाख रुपैयाँ खर्चेर कार्यक्रम अघि बढाएको हो ।उपमहानगरका नगर प्रमुख मीनकुमारी लामाको प्रमुख आतिथ्यमा बिहीबार उपकरण वितरण गरिएको थियो । हेटौंडा उपमहानगरबाट धान पकेट कार्यक्रमअनुसार खरिद भएका उपकरण अनुदानमा वितरण गरिएको हो । उपमहानगरले १ सय ५५ वटा इलेक्ट्रिक स्प्रे, १ सय ६० वटा त्रिपाल, ६ जना किसानलाई हाते ट्रयाक्टर, ५ जना किसानलाई कम्बाइन्ड राइस मिल, १० वटा पानी तान्ने मोटर, २ वटा डिजिटल काँटा वितरण गरेको हो ।सामग्री वितरण गर्दै नगर प्रमुख लामाले सबै क्षेत्र उत्पादनसँग जोडिनुपर्ने बताइन ्। अहिले हेटौंडामा कृषिजन्य वस्तु मुलुकका विभिन्न भागमा निर्यात हुने गरेको उनको भनाइ छ ।सहकारीका अनुसार अहिले कार्यक्रममा सहभागी भएका किसानलाई ४ टन मकवानपुरे छोटे र ३ टन रामधान बिउ उत्पादनका लागि बितरण गरिएको छ ।साना किसान कृषि सहकारी संस्थाका अध्यक्ष कमला श्रेष्ठको अध्यक्षतामा भएको कार्यक्रममा हेटौंडा उपमहानगरपालिका–१७ का अध्यक्ष उद्धव सत्याल लगायतको उपस्थिति रहेको थियो । हेटौंडा–१७ को चुच्चेखोलादेखि महादेव खोलासम्मको क्षेत्रलाई उपमहानगरले धान पकेट क्षेत्रको रुपमा विकास गर्न लागेको छ ।"
भिजिट भिसा प्रकरण : संसद् खोल्न कांग्रेसले राखेको प्रस्ताव रास्वपाद्वारा अस्वीकार,"काठमाडौँ — भिजिट भिसा प्रकरणको छानबिन गर्नका लागि गृहमन्त्री रमेश लेखकले राजीनामा गर्नुपर्नेमा रास्वपाले अडान राखेको छ । कांग्रेसले संसद् खोल्नका लागि रास्वपा नेताहरूसँग छलफल गरेको थियो, तर सहमति जुटेन ।संसद् भवनमा कांग्रेस उपसभापति पूर्णबहादुर खड्का र प्रमुख सचेतक श्यामकुमार घिमिरे तथा रास्वपाका तर्फबाट उपसभापति स्वर्णिम वाग्ले र प्रमुख सचेतक सन्तोष परियार सहभागी थिए ।बैठकमा अख्तियारको छानबिन र अभियोजनसम्म कुर्न कांग्रेसले प्रस्ताव राखेको थियो । 'अहिले अख्तियारले अनुसन्धान गरिरहेको छ, त्यसको निष्कर्ष निस्किँदासम्म कुरौँ भन्ने उहाँहरूको प्रस्ताव थियो । हामीले हुँदैन भन्दै राजीनामा दिनुपर्ने कुरा राख्यौं,' रास्वपा प्रमुख सचेतक परियारले भने ।अख्तियारले छानबिन गरी मुद्दा दर्ता गर्दासम्म संसद् अवरोध नगर्न र त्यसपछि छानबिन समिति गठन गर्ने कुरा कांग्रेसले रास्वपा समक्ष राखेको थियो । कांग्रेसको उक्त प्रस्तावमा प्रमुख प्रतिपक्षी दल माओवादी भने सकारात्मक बनिसकेको छ ।"
मन्त्रिपरिषद्का निर्णयमा मुद्दा चलाउने हो भने कुनै पनि प्रधानमन्त्री बच्दैनन् : पाण्डे,"काठमाडौँ — नेकपा एसका वरिष्ठ उपाध्यक्ष एवं पूर्वमुख्यमन्त्री राजेन्द्र पाण्डेले पार्टी अध्यक्ष माधवकुमार नेपालमाथि राज्यले प्रतिशोध साधेको बताएका छन् । मन्त्रिपरिषद्ले गरेका निर्णयमाथि मुद्दा चलाउँदै जाने हो भने विगतका कुनै पनि प्रधानमन्त्री नबच्ने पाण्डेले चेतावनी दिएका छन् ।पार्टी अध्यक्ष नेपालविरुद्ध भ्रष्टाचार मुद्दा दायर भएपछि पत्रकारहरुले सोधेको प्रश्नको जवाफ दिने क्रममा पाण्डेले मन्त्रिपरिषद्का सबै निर्णय भ्रष्टाचारजन्य मुद्दा बन्न सक्ने बताए । 'विगतमा भएका क्याबिनेट बैठकका निर्णयहरू सबै भ्रष्टाचारजन्य केस बन्न सक्छन्। त्यसो हुनाले कोही पनि प्रधानमन्त्रीहरु बच्नेवाला छैनन्। र अर्को कुरा कनै पनि प्रधानमन्त्री वा क्याबिनेटले अब कुनै ठूलो महत्वपूर्ण निर्णय गर्दैन,' उनले भने ।सरकारले गणतन्त्रको विरोधमा सडकमा उत्रिरहेकाहरुलाई मद्दत पुग्ने गरी काम गरिरहेको उनको जिकिर छ। भ्रष्टाचारमा ठूला माछा समात्न सुरु भएको हो भन्ने प्रश्नमा पाण्डेले भने, ‘जसलाई पनि मुद्दा चलाउँदै हिँड्ने र ठूलो माछो यही हो भन्दै प्रचार गर्ने हो भने यो राज्य व्यवस्था सिद्धिन्छ। यो संघीय लोकतान्त्रिक गणतन्त्रलाई समाप्त गर्ने एकथरी सडकमा उत्रिरहेका छन्, तिनैलाई नै मद्दत गर्ने गरी काम भइरहेको जस्तो लाग्छ।’पतञ्जली जग्गा हिनामिना प्रकरणमा पूर्वप्रधानमन्त्री नेपालविरुद्ध भ्रष्टाचार मुद्दा दायर भएको हो । अख्तियार दुरुपयोग अनुसन्धान आयोगले नेपालसहित जग्गा हिनामिना प्रकरणका प्रतिवादीहरूविरुद्ध बिहीबार विशेष अदालतमा मुद्दा दायर गरेको हो ।पतञ्जलीका नाममा हदबन्दी छुटमा जग्गा खरिद गर्न र किनेको दुई महिना नबित्दै गैरकानुनी रूपमा हाउजिङ कम्पनीलाई बेच्ने स्वीकृति दिन तत्कालीन प्रधानमन्त्री नेपालले नै निर्देशन दिएका थिए। २०६६ सालमा भारतीय योगगुरु रामदेवको पतञ्जली योगपीठ तथा आयुर्वेद कम्पनीले काभ्रेको बनेपामा ५ सय ९३ रोपनी जग्गा खरिद गरी ३ सय ५३ रोपनी हाउजिङ कम्पनीलाई बेचिएको थियो ।"
कांग्रेस सभापति देउवा भन्छन् : राजावादीको आन्दोलन तुहिइसक्यो,"महेन्द्रनगर (धनुषा) — कांग्रेस सभापति एवं पूर्वप्रधानमन्त्री शेरबहादुर देउवाले पूर्वराजा समर्थकले प्रदर्शन गर्नु अर्थहीन रहेको धारणा व्यक्त गरेका छन् ।कांग्रेसका स्व. नेता ठाकुरप्रसाद ढुङ्गानाको ६२औँ स्मृतिसभा, सालिक अनावरण र उनका बारेमा लेखिएको पुस्तक विमोचन कार्यक्रमका लागि यहाँ आउने क्रममा आज जनकपुरधाम विमानस्थलमा पत्रकार सम्मेलनमा सभापति देउवाले राजावादीको आन्दोलन तुहिसकेकाले प्रदर्शन गर्नु अर्थहीन रहेको टिप्पणी गरे ।पूर्वराजा समर्थकले आन्दोलन गर्नु गणतन्त्र विरोधी गतिविधि भएकाले जनताको त्याग र सङ्घर्षबाट आएको गणतन्त्रविरुद्ध कार्य स्वीकार्य नहुने उनले बताए । । सभापति देउवाले गृहमन्त्रीको राजीनामा माग गर्नु तर्कहीन रहेको भन्दै संसद् अवरोध नगर्न प्रतिपक्ष दललाई आग्रह गरे । सभापति देउवा धनुषामा भोलिसम्म हुने विभिन्न कार्यक्रममा सरिक हुनुहुने कार्यसूची रहेको छ ।"
सरेको सर्‍यै प्रतिनिधिसभा बैठक,"काठमाडौँ — भिजिट भिसा प्रकरणले प्रतिनिधिसभा बैठक निरन्तर सरेको सर्‍यै छ । बिहीबार दिउँसो १ बजेका लागि बोलाइएको केही बेरअघि मात्र सूचना टाँसेर साढे ३ बजेका लागि सारिएको छ ।बुधबार दिउँसो १ बजेका लागि बोलाइएको बैठक ३ बजे सारिए पनि बस्न सकेको थिएन । उक्त समयमा पनि बैठक नबसेपछि संसद् सचिवालयले बिहीबार दिउँसो १ बजेसम्मका लागि प्रतिनिधिसभा बैठक स्थगित भएको जनाएको थियो ।यसअघि जेठ १३ र १४ का लागि बोलाइएका बैठकमा विपक्षी दलले अवरोध गरेका थिए । त्यस्तै भिजिट भिसा प्रकरणमा सत्तापक्ष र प्रतिपक्षीबीच सहमति नहुँदा प्रतिनिधिसभाको बैठक मंगलबार पनि अवरुद्ध भएको थियो । मंगलबारको बैठकमा गृहमन्त्रीलाई सम्बोधन गर्न दिने तर छानबिन समिति गठनको घोषणा हुनुपर्ने विपक्षी दलहरूको माग थियो ।तर, सत्तारूढ एमाले र कांग्रेसले भिजिट भिसा प्रकरणमा अख्तियार दुरुपयोग अनुसन्धान आयोगले अनुसन्धान गरिरहेकाले अर्को न्यायिक वा संसदीय छानबिन समिति गठन गर्न नसकिने अडान राखेपछि प्रतिनिधिसभा बैठक सूचना टाँसेर बुधबार १ बजेसम्मका लागि स्थगित गरिएको छ ।भिजिट भिसा प्रकरणमा विपक्षी दलहरू गृहमन्त्री रमेश लेखकले राजीनामा दिएर छानबिनमा सघाउनुपर्ने पुराने अडान दोहोर्‍याएका छन् । बुधबार दिउँसो संसद् भवनमा सभामुख देवराज घिमिरेले बोलाएको प्रमुख सचेतहरूको बैठकमा प्रमुख प्रतिपक्षी दल माओवादीले पुरानै अडान यथावत रहेको बताएको हो।"
नेपाली सेनाको प्रवक्तामा बस्नेत,काठमाडौँ — नेपाली सेनाले सहायकरथी राजाराम बस्नेतलाई  प्रवक्ताको जिम्मेवारी दिएको छ । जनसम्पर्क तथा सूचना निर्देशनालमा आज आयोजित कार्यक्रममा सहायक रथी बस्नेतले प्रवक्ताको औपचारिक जिम्मेवारीको बुझबुझारथ गरेका हुन् ।यसअघिका प्रवक्ता गौरवकुमार केसीले भने आगामी आइतबारबाट नेपाली सेनाको पूर्वीपृतनाको निमित्त प्रमुखको जिम्मेवारी सम्हाल्नेछन् । उनको नाम सिफारिस भइसकेकाले उनको केही समयमै उपरथीमा बढुवा हुने सम्भावना छ । त्यहाँका पृतनापति पवनराज घिमिरेको जङ्गी अड्डामा सरुवा भइरहेको छ ।नयाँ प्रवक्ता यसअघि सेनाको राष्ट्रिय निकुञ्ज तथा वन्यजन्तु संरक्षण निर्देशनालयको निर्देशकको जिम्मेवारीमा थिए । सूचना र जनसम्पर्कका माध्यमद्वारा नागरिक र सैनिक सम्बन्ध सुदृढ तुल्याउन महत्वपूर्ण भूमिकामा रहने जनसम्पर्क तथा सूचना निर्देशनालयको निर्देशक नेपाली सेनाको प्रवक्ताको जिम्मेवारीमा रहने अभ्यास छ । राष्ट्रको प्रमुख सुरक्षा संगठन नेपाली सेनाको प्रमुखको निकटतामा रही प्रवक्ताले कार्यजिम्मेवारी सम्हाल्नेछन् ।
पतञ्जलिमा त्यस्तो होला भन्ने मैले कल्पना पनि गरेको थिइनँ : माधव नेपाल,"रौतहट — एकीकृत समाजवादीका अध्यक्ष माधवकुमार नेपालले पतञ्जलि प्रकरणमा आफूले कुनै बदमासी नगरेको दाबी गरेका छन् ।आज रौतहटमा पत्रकारसँग कुरा गर्दै नेपालले भने, 'कसले के लुपहोल राखे होलान्, मलाई त्यसबारे जानकारी भएन । पतञ्जलिजस्तो संस्थामा त्यस्तो होला भन्ने मैले कल्पना पनि गरेको थिएन ।'आफूले कुनै अनुचित काम नगरेको र त्यस्तो कामलाई प्रोत्साहन पनि नगरेको उनले जिकिर गरे ।पतञ्जलि जग्गा हिनामिना प्रकरणमा भ्रष्टाचार मुद्दा दायर भएको विषयमा पत्रकारले राखेको जिज्ञासामा उनले भने, 'अहिलेसम्म के भयो मलाई जानकारीमा छैन । कानुन व्यवसायीसँग परामर्श गर्नुपर्छ ।'पतञ्जलि जग्गा हिनामिना प्रकरणमा पूर्वप्रधानमन्त्रीसमेत रहेका नेपालविरुद्ध अख्तियार दुरुपयोग अनुसन्धान आयोगले बिहीबारविशेष अदालतमा मुद्दा दायरगरेको छ ।"
पतञ्जली जग्गा हिनामिना प्रकरण : पूर्वप्रधानमन्त्री नेपालसहित ९३ प्रतिवादी को-को हुन् ?,"काठमाडौँ — पतञ्जली जग्गा हिनामिना प्रकरणमा पूर्वप्रधानमन्त्री एवं नेकपा एसका अध्यक्ष माधवकुमार नेपालसहितलाई प्रतिवादी बनाएर दायर गरिएको भ्रष्टाचार मुद्दामा १८ करोड ५८ लाख ५० हजार रुपैयाँ बिगो कायम गरिएको छ ।पूर्वप्रधानमन्त्री नेपाल, तत्कालीन भूमि सुधार मन्त्रालयका सचिव छविराज पन्त तथा पतञ्जली योगपीठ तथा आयुर्वेद कम्पनी, नेपालका प्रमुख शालिग्राम सिंहसहित ९३ जनालाई प्रतिवादी बनाएर अख्तियार दुरुपयोग अनुसन्धान आयोगले बिहीबार विशेष अदालतमा मुद्दा दायर गरेको हो ।"
कहाँ छ राजावादी ? तुहिसक्यो : देउवा,"जनकपुर — कांग्रेस सभापति तथा पूर्वप्रधानमन्त्री शेरबहादुर देउवाले राजावादीहरु तुहिसकेको टिप्पणी गरेका छन् ।बिहीबार जनकपुर विमानस्थलमा 'राजावादी आन्दोलनलाई कसरी हेर्नुभएको छ' भन्ने सञ्चारकर्मीको प्रश्नमा कांग्रेस सभापति देउवाले भने, ‘कहाँ छ राजावादी ? तुहिसक्यो !’देउवाले कांग्रेस-एमाले गठबन्धन ०८४ सम्मै रहने दाबी गरे । वर्तमान गठबन्धन आगामी चुनावसम्म कायम रहने उनको भनाइ छ । ‘कांग्रेस–एमालेको गठबन्धन राम्रैसँग चलेको छ । यो ०८४ सम्म कायमै रहनेछ,’ देउवाले भने ।प्रहरी समायोजनका लागि छलफल र परामर्श भइरहेको पनि उनले बताए ।कांग्रेस नेता आनन्दप्रसाद ढुंगानाका बुवा ठाकुरप्रसाद ढुंगानाको सालिक अनावरणका लागि जनकपुर आएका देउवाले भने शुक्रबार जनकपुरमा निर्मित मिथिला विकास कोषको आधुनिक भवनको समेत उद्घाटन गर्ने कार्यक्रम छ । बिहीबार अपराह्न उनले धनुषाको धनुषाधाम नगरपालिकामा निर्माण गरिएको ढुंगानाको सालिक अनावरण गर्दै छन् ।"
पतञ्जली जग्गा हिनामिना : कहिले के भएको थियो ?,काठमाडौँ — पतञ्जली जग्गा हिनामिना प्रकरणमा तत्कालीन प्रधानमन्त्री माधवकुमार नेपाल नेतृत्वको मन्त्रिपरिषद्ले दुई महिनाको अवधिमै हदबन्दी छुट जग्गा खरिद गर्न स्वीकृति दिनेदेखि बिक्रीको अनुमतिसम्मका निर्णय गरेको थियो ।भूमि व्यवस्था विभागका तत्कालीन महानिर्देशक केशरबहादुर बानियाँले मन्त्रिपरिषद्को निर्णयलाई कानुनविपरीत भन्दै रोक्न खोज्दा उल्टै उनको सरुवा गरेर अर्का सहसचिव जितबहादुर थापालाई विभागमा लगिएको थियो ।पतञ्जली जग्गा हिनामिनामा कहिले के भएको थियो ?
अध्यक्ष नेपालविरुद्ध भ्रष्टाचार मुद्दा दायरबारे छलफल गर्छौं : महासचिव भुसाल,"काठमाडौँ — नेकपा एकीकृत समाजवादीका महासचिव घनश्याम भुसालले अध्यक्ष माधवकुमार नेपालविरुद्ध भ्रष्टाचार मुद्दा दायर भएको विषयमा पार्टीभित्र छलफल हुने बताएका छन् ।अध्यक्ष नेपाल पार्टीको काममा रौतहट गएकाले उनी काठमाडौं फर्केपछि छलफल हुने उनले बताए ।‘यो विषयबारे पार्टीभित्र छलफल गर्छौ,’ महासचिव भुसालले कान्तिपुरसँग संक्षिप्त प्रतिक्रिया दिँदै भने, ‘भर्खर मुद्दा दायर भएको समाचारबाट थाहा भयो ।’"
उपाध्यक्ष सापकोटाविरुद्ध सर्वोच्चको आदेशमा माओवादीले पूर्णपाठ पर्खने,"काठमाडौँ — माओवादीले पार्टी उपाध्यक्ष एवं प्रवक्ता अग्नि सापकोटाविरुद्ध अपहरण तथा ज्यान कसुरमा अनुसन्धान गर्नुपर्ने सर्वोच्च अदालतको आदेशमा पूर्णपाठ आएपछि मात्र प्रतिक्रिया दिने जनाएको छ । बिहीबार बिहान बसेको पदाधिकारी बैठकमा सर्वोच्चको आदेशबारे विश्लेषण भएको थियो ।माओवादी महासचिव देव गुरुङले द्वन्द्वकालीन मुद्दा संक्रमणकालीन न्यायसँग सम्बन्धित भएको भन्दै सापकोटाको सम्बन्धमा सर्वोच्चको पूर्णपाठ आएपछि मात्र टिप्पणी गर्नु उचित हुने बताए । ‘द्वन्द्वकालीन मुद्दाहरु संक्रमणकालीन न्याय सम्बन्धित हुन्छन् । अग्निजीको मुद्दाका विषयमा अनुसन्धान गर्ने भनिएको छ । त्यो भनेको टीआरसी क्षेत्रात्रिकार हो कि नियमित अदालती प्रक्रिया हो भन्ने कुरा पूर्णपाठ आएपछि स्पष्ट होला,’ उनले भने, ‘न्यायलयले द्वन्द्वकालीन मुद्दा संविधान, विस्तृत शान्ति सम्झौता र संक्रमणकाली न्यायका आधारमा निर्णय गर्नुपर्ने हो ।’सर्वोच्चले पूर्वसभामुख एवं माओवादी उपाध्यक्ष सापकोटाविरुद्ध अपहरण तथा ज्यान कसुरमा अनुसन्धान गर्न सरकारलाई बुधबार आदेश दिएको थियो । सापकोटाविरुद्ध २०६२ मा काभ्रेका अर्जुन लामाको हत्या गरेको आरोप छ ।प्रधानन्यायाधीश प्रकाशमान सिंह राउत, वरिष्ठतम् न्यायाधीश सपना मल्ल प्रधान तथा न्यायाधीशहरू कुमार रेग्मी, मनोजकुमार शर्मा र कुमार चुडालको संवैधानिक इजलासले सापकोटाविरुद्ध विभिन्न मितिमा परेका ३ रिटमाथि अन्तिम सुनुवाइ गर्दै ज्यान मुद्दामा अनुसन्धान गर्न भनेको छ ।"
पूर्वप्रधानमन्त्री नेपालको सांसद पद निलम्बन,"काठमाडौँ — पूर्वप्रधानमन्त्रीसमेत रहेका नेकपा एसका अध्यक्ष माधवकुमार नेपालको सांसद पद स्वत: निलम्बन भएको छ ।अख्तियार दुरुपयोग अनुसन्धान आयोगले बिहीबार नेपालविरुद्ध विशेष अदालतमा भ्रष्टाचार मुद्दा दायर गरेसँगै उनी सांसद पदबाट निलम्बित भएका हुन्। नेपाल २०७९ को प्रतिनिधिसभा निर्वाचनमा रौतहट-१ बाट विजयी भएका थिए ।भ्रष्टाचार निवारण ऐनको दफा ३३ मा भ्रष्टाचार मुद्दा दायर भएसँगै सार्वजनिक पद धारण गरेका कर्मचारी, पदाधिकारी मुद्दाको किनारा नलागेसम्म स्वत: निलम्बन हुने व्यवस्था छ । पतञ्जली जग्गा हिनामिना प्रकरणमा पूर्वप्रधानमन्त्री नेपालसहितलाई प्रतिवादी बनाएर दायर गरिएको भ्रष्टाचार मुद्दामा १८ करोड ७० लाख रुपैयाँ बिगो कायम गरिएको छ ।पूर्वप्रधानमन्त्री नेपाल, तत्कालीन भूमि सुधार मन्त्रालयका सचिव छविराज पन्त तथा पतञ्जली योगपीठ तथा आयुर्वेद कम्पनी, नेपालका प्रमुख शालिग्राम सिंहसहितलाई प्रतिवादी बनाएर अख्तियार दुरुपयोग अनुसन्धान आयोगले बिहीबार विशेष अदालतमा मुद्दा दायर गरेको हो ।"
पतञ्जली जग्गामा भ्रष्टाचार : पूर्वप्रधानमन्त्री नेपालसहितका प्रतिवादीविरुद्ध १८ करोड ५८ लाख रुपैयाँ बिगो,"काठमाडौँ — पतञ्जली जग्गा हिनामिना प्रकरणमा पूर्वप्रधानमन्त्री एवं नेकपा एसका अध्यक्ष माधवकुमार नेपालसहितलाई प्रतिवादी बनाएर दायर गरिएको भ्रष्टाचार मुद्दामा १८ करोड ५८ लाख ५० हजार रुपैयाँ बिगो कायम गरिएको छ ।पूर्वप्रधानमन्त्री नेपाल, तत्कालीन भूमि सुधार मन्त्रालयका सचिव छविराज पन्त तथा पतञ्जली योगपीठ तथा आयुर्वेद कम्पनी, नेपालका प्रमुख शालिग्राम सिंहसहित ९३ जनालाई प्रतिवादी बनाएर अख्तियार दुरुपयोग अनुसन्धान आयोगले बिहीबार विशेष अदालतमा मुद्दा दायर गरेको हो ।उद्योग सञ्चालन गर्न भनी हदबन्दी छुट दिइएको जग्गा उद्योग सञ्चालन नगरी दुई महिनाभित्रै कानुनविपरीत बिक्री गर्न नेपाल नेतृत्वको मन्त्रिपरिषद्ले स्वीकृति दिएको थियो । मन्त्रिपरिषद्को निर्णयअघि जग्गा बिक्री गर्ने प्रस्ताव ल्याउन नेपालले तत्कालीन भूमिसुधार मन्त्री डम्बर श्रेष्ठलाई निर्देशन दिएका थिए ।नेपाल मन्त्रिपरिषद्ले सोही प्रस्तावअनुसार जग्गा बिक्रीको बाटो खोलिदिएको थियो । तत्कालीन मन्त्री श्रेष्ठको भने गत वर्ष निधन भइसकेको छ । त्यसबेलाका मुख्य सचिव माधव घिमिरे पनि यस प्रकरणमा संलग्न थिए । १० वर्षअघि त्रिशूली नदीमा जिप दुर्घटना हुँदा उनी बेपत्ता भएका थिए ।"
पूर्वप्रधानमन्त्री माधवकुमार नेपालविरुद्ध भ्रष्टाचार मुद्दा दायर,"काठमाडौँ — पतञ्जली जग्गा हिनामिना प्रकरणमा पूर्वप्रधानमन्त्री एवं नेकपा एसका अध्यक्ष माधवकुमार नेपालविरुद्ध भ्रष्टाचार मुद्दा दायर भएको छ ।अख्तियार दुरुपयोग अनुसन्धान आयोगले नेपालसहित जग्गा हिनामिना प्रकरणका प्रतिवादीहरूविरुद्ध बिहीबार विशेष अदालतमा मुद्दा दायर गरेको हो ।पतञ्जलीका नाममा हदबन्दी छुटमा जग्गा खरिद गर्न र किनेको दुई महिना नबित्दै गैरकानुनी रूपमा हाउजिङ कम्पनीलाई बेच्ने स्वीकृति दिन तत्कालीन प्रधानमन्त्री नेपालले नै निर्देशन दिएका थिए। २०६६ सालमा भारतीय योगगुरु रामदेवको पतञ्जली योगपीठ तथा आयुर्वेद कम्पनीले काभ्रेको बनेपामा ५ सय ९३ रोपनी जग्गा खरिद गरी ३ सय ५३ रोपनी हाउजिङ कम्पनीलाई बेचिएको थियो ।११ जेठ २०६६ देखि २२ माघ २०६७ सम्म प्रधानमन्त्री रहेका नेपालले पतञ्जलीलाई हदबन्दीमा जग्गा खरिद गर्न दिन १८ माघ २०६६ मा मन्त्रिपरिषद्बाट निर्णय गराएका थिए तर दुई महिना नबित्दै ६ चैत २०६६ मा मन्त्रिपरिषद्बाट अर्को निर्णय गराई बेच्न स्वीकृति दिलाएका थिए । उक्त जग्गामा प्लटिङ गरिएको छ ।नेपाल मन्त्रिपरिषद्ले ८ सय १५ रोपनी जग्गा किन्न स्वीकृति दिएपछि पतञ्जलीले बनेपाको नासिकास्थान, साँगा, महेन्द्रज्योति र चलाल गणेस्थान क्षेत्रमा गरी ५ सय ९३ रोपनी ५ आना ३ पैसा किनेको थियो । त्यसपछि पतञ्जलीका तत्कालीन नेपाल प्रमुख शालिग्राम सिंहले ३ सय ५३ रोपनी १५ आना काष्ठमण्डप हाउजिङ कम्पनीलाई ११ असार ०६७ मा बेचेका थिए ।पतञ्जलीलाई हदबन्दी छुटको जग्गा खरिद र बिक्री गर्न अनुमति दिँदा नेपाल नेतृत्वको मन्त्रिपरिषद्मा भूमिसुधारमन्त्रीमा डम्बर श्रेष्ठ, मुख्य सचिवमा माधव घिमिरे र भूमिसुधार सचिवमा छविराज पन्त थिए । पतञ्जलीको जग्गा बेच्न प्रस्ताव अघि बढाउन मन्त्री श्रेष्ठलाई तत्कालीन प्रधानमन्त्री नेपालले नै निर्देशन दिएको लिखित तथ्य अनुसन्धानमा फेला परेको छ ।"
अत्यधिक गर्मीले स्वास्थ्यमा असर गर्ने भएपछि खाडी मुलुकमा दिउँसो काम गर्न प्रतिबन्ध,"काठमाडौँ — खाडीका ६ देशले तापक्रम बढेको भन्दै दिउँसोको समयमा घाम सिधा पर्ने स्थानमा काम गर्न प्रतिबन्ध लगाएको छ । साउदी अरब, संयुक्त अरब इमिरेट्स (युएई), कतार, कुवेत, ओमान र बहराइन देशहरूले अत्यधिक गर्मीबाट स्वास्थ्यमा गम्भीर असर गर्ने भन्दै दिउँसोको समयमा काम गर्न प्रतिबन्ध लगाएका हुन्।जसमा देश अनुसार फरक-फरक मिति र समय निर्धारण गरिएको छ। गर्मी महिनामा खाडीमा औसत तापक्रम ४० डिग्री सेल्सियस (१०४ डिग्री फरेनहाइट) सम्म पुग्न सक्छ र ८० प्रतिशतभन्दा बढी आर्द्रतामा तापक्रम ५५ डिग्री सेल्सियससम्म पुग्छ ।बाहिरी क्षेत्रको निर्माण क्षेत्रमा काम गर्ने नेपालीले गर्मी समय निकै कष्टकर हुने बताए । उनीहरूले तोकिएको समयभित्र आयोजनाका काम सक्नुपर्ने भएकोले काममा दबाब पुग्ने बताए ।‘गर्मीमा काम गर्न कठिन नै हुन्छ । जुलाईदेखि सेप्टेम्बरसम्म दिउसो तीन घण्टा आराम गर्न पाइन्छ । तर, गर्मी समयमा बिहानदेखि नै घाम चर्किन्छ । यो साँझसम्म नै हुन्छ,’ साउदीको नियम प्रोजेक्टमा कार्यरत लमजुङ रमेश वाइवाले कान्तिपुरसँग भने,‘दिनमा एक दुई जना कामदार त ढलिरहेको नै हुन्छ । उनीहरूलाई चिसो ठाउँमा आराम गर्न लगाइन्छ । बिहान र बेलुका पनि ढलेको नै हुन्छ । कहिले काम गर्न आउँदा ढलेको हुन्छ । कहिले काम गरिरहेको वेला ढलेको हुन्छ । पसिनाहरू धेरै गइरहेको हुन्छ ।’कुवेतले जुन १ देखि अगस्ट ३१ सम्म बिहान ११ बजेदेखि दिउसो ४ बजेसम्म बाहिर काम गर्न रोक लगाएको छ । यो समयमा बाहिर खुल्ला रूपमा काम लगाउने रोजगारदातालाई प्रति कामदार एक सय देखि दुई सय दिनार (करिब ९० हजार रुपैयाँ) सम्म जरिवाना लगाउने कुवेत सरकारले जनाएको छ । कुवेतले एउटै रोजगारदाताले तीन वर्षभित्र बारम्बार उल्लङ्घन भएमा दोब्बर सजाय हुने जनाएको छ ।ओमानले जुन १ देखि अगस्ट ३१ सम्म मध्यान्ह १२ः३० देखि दिउसो ३ः३० सम्म काममा लगाउन नपाइने सूचना जारी गरिएको छ । यो समयभित्र काममा लगाउने रोजगारदातालाई ५ सय रियाल (एक लाख ७८ हजार रुपैयाँ) जरिवाना लगाउने जनाएको छ । महिला कामदार भएमा यसको दोब्बर जरिवाना हुनेछ । यस्तै रोजगारदाताले नियमका उंलघन दोहोर्‍याएर गरेमा जरिवानाको अतिरिक्त अधिकतम एक महिनाको कैद सजाय हुन सक्ने ओमान सरकारले जनाएको छ ।त्यस्तै कतारले पनि जुन १ देखि सेप्टेम्बर १५ सम्म बिहान १० : ०० बजे देखि दिउसो ३ : ३० बजे सम्म बाहिर काम गर्न रोक लगाएको छ । कतारको श्रम मन्त्रालयले यस निर्णयको प्रावधानको उल्लङ्घनको गरेमा कार्यस्थल आंशिक वा पूर्ण रूपमा बन्द गर्न सकिने जनाएको छ ।साउदी अरब जुन १५ देखि सेप्टेम्बर १५ सम्म दिउँसो १२ बजेदेखि ३ बजे सम्म बाहिर काम गर्न रोक लगाएको छ । यो नियम उलङ्घन गर्ने रोजगारदातालाई एक लाख रियालभन्दा बढी जरिवाना नहुने जनाएको छ । उलङ्घनकर्ता रोजगारदाताको कार्यस्थल ३० दिन सम्म बन्द गर्ने जनाएको छ । पटक पटक नियमको उल्लङ्घन गरेमा जरिवाना दोब्बर हुन जनाएको छ ।युएईले जुन १५ देखि सेप्टेम्बर २५ सम्म मध्यान्ह १२ः३० देखि ३ः बजेसम्म बाहिर काममा लगाएमा प्रति कामदार ५ हजार देखि अधिकतम ५० हजार दिराम जरिवाना लगाउने जनाएको छ । घाममा काम लगाउने कम्पनीको इजाजत पत्र नै निलम्बन गर्ने वा कम्पनीको हैसियत तल (डाउनग्रेड) झारिदिने जनाएको छ ।बहराइनले पनि १२ देखि ४ बजेसम्म जुलाई १ देखि अगस्ट ३१ सम्म घाममा काम लगाउन नपाइने जनाएको छ । त्यसरी नियमको उलङ्घन गर्ने रोजगारदातालाई तीन महिनाभन्दा जेल र पाँच सय बहराइनी दिनार देखि १ हजार दिनारसम्म जरिवाना लगाउने जनाएको छ ।अन्तर्राष्ट्रिय मानवअधिकारकर्मीहरुले खाडी देशले दिउसो सिधा घाम पर्ने क्षेत्रमा काम गर्न नपाउने नीतिको प्रभावकारी नीतिको कार्यान्वयन नभएको जनाएको छ । अत्यधिक गर्मी र आर्द्रताबाट पर्याप्त स्वास्थ्य र सुरक्षा सुरक्षाको अभाव हुँदा श्रमिकको स्वास्थ्यमा गम्भीर असर परिरहेको हृयुमन राइट्स वाचको प्रतिवेदनले जनाएको छ ।वाचको अनुसार अत्यधिक गर्मीको जोखिमले श्रमिकको शरीरमा दाग लाग्ने, पेट दुख्ने, गर्मी थकान वा गर्मी स्ट्रोक निम्त्याउने प्रतिवेदनमा उल्लेख छ । ‘खाडी देशहरूले अत्यधिक गर्मीको समयमा काम सीमितताहरू लगाउने मानकको रूपमा वेट बल्ब ग्लोब तापक्रम सूचकाङ्क अपनाउनु र लागू गर्नु पर्छ । कामदारहरूको सुरक्षाको लागि व्यावसायिक ताप सुरक्षा र स्वास्थ्य उपायहरू लागू गर्नु पर्छ’, वाचको प्रतिवेदनमा उल्लेख छ।युएईमा कार्यरत झापाका भीमबहादुर थापाले काम गर्ने ठाउँ पुरै उजाडिएको बताए । ‘वरिपरि रुखविरुवा छैन । चट्टानै चट्टानको पहाड छ । वातावरण पनि त्यही अनुसारको भयो । एकदमै तातो छ,’ उनले भने,‘बस्दा पनि साइडमा एसी हुँदैन । हावा चल्दैन । छायाँमा नै बस्दा पनि गर्मी त हुन्छ । गर्मीमा काम गर्न एकदमै चुनौती छ । गर्मी नै भनेर बसिराख्न पनि मिल्दैन । सकेसम्म काम त गर्नु नै पर्छ । यहाँ ५० देखि ५५ डिग्री हुन्छ । यस्तो तापक्रमको वीचमा काम गर्नु भनेको जोक होइन । काम नगर्दा पनि उस्तै मान्छे त उभिनै सक्तैन नि । यहाँ बसेर काम गर्नुपर्नेछ । हामीले यो दिनहुँ अनुभव गर्छौ ।’"
वातावरण प्रवर्द्धन पत्रकारिता पुरस्कारबाट दुई कान्तिपुरकर्मीसहित चार जना पुरस्कृत,"काठमाडौँ — वातावरण प्रवर्द्धन पत्रकारिता पुरस्कारबाट कान्तिपुरकर्मी नुमा थाम्सुहाङ र सरिता चलाउनेसहित चार पत्रकार पुरस्कृत भएका छन्। वातावरण विभागले थाम्सुहाङलाई अनलाइन विधा र चलाउनेलाई टेलिभिजन विधातर्फ सम्मान गरेको हो।त्यस्तै, रेडियो/एफएम विधाबाट दाङका ओपेन्द्र बस्नेत र पत्रपत्रिका तथा छापा विधाबाट अन्नपुर्ण पोस्टका विष्णु न्यौपाने पुरस्कृत भएका छन्। पुरस्कृत चारै जना पत्रकारहरूलाई बिहीबार वातावरण दिवसको सन्दर्भमा काठमाडौँमा आयोजित कार्यक्रममा वन तथा वातावरण राज्यमन्त्री रुपा विश्वकर्माले नगदसहित पुरस्कृत गरिन्। पुरस्कारको राशी जनही ४० हजार रहेको छ।वातावरण विभागले आर्थिक वर्ष २०७९/ ८० देखि वातावरण प्रवर्द्धन पत्रकारिता पुरस्कार तथा सम्मान वितरण गर्दै आएको छ । विभागले वातावरण निरिक्षक नवीना महर्जन, गोविन्द लामिछाने र प्रकाश केसीलाई पनि सम्मान गरेको छ।"
इलाका प्रशासन कार्यालयबाटै नागरिकता वितरण गर्न प्रयास गर्दैछौँ : गृहमन्त्री लेखक,"काठमाडौँ — गृहमन्त्री रमेश लेखकले इलाका प्रशासन कार्यालयबाट नागरिकता वितरण गर्न सरकारले प्रक्रिया अघि बढाएको बताएका छन्।प्रतिनिधि सभाअन्तर्गतको राज्य व्यवस्था तथा सुशासन समितिको बैठकमा बोल्दै उनले यस्तो बताएका हुन्। हालसम्म जिल्ला प्रशासन कार्यालयबाट मात्रै नागकिरता दिने व्यवस्था छ। समितिको बैठकमा बिहीबार नेपाल नागरिकता ऐन,२०६३ लाई संशोधन गर्न बनेको विधेयक, २०८१ माथि संशोधन प्रश्तावकर्ताहरुसँग छलफल भएको थियो ।सो क्रममा उठेका प्रश्नको जवाफ दिने क्रममा गृहमन्त्री लेखकले जिल्ला सदरमुकाम टाढा हुने र आवतजावतमा झमेला र खर्चिलो हुने भएकाले झनै जटिलता हुने स्थितिलाई मध्यनजर गर्दै सरकारले नजिकको इलाका प्रशासन कार्यालयबाट पनि नागरिकता प्राप्त हुन सकोस् भनेर इलाका प्रशासन कार्यलयबाटै नागरिकता वितरणको प्रयास गरिरहेको बताए।त्यसको लागि शाखा अधिकृत सबै इलाका प्रशासन कार्यालयको कार्यालय प्रमुख नहुनु समस्या रहेको उनले बताए। गृहमन्त्री लेखकले जिल्ला प्रशासन कार्यालयबाट नागरिकता वितरण गर्दा समस्या नहोस् र सहजता प्रदान होस् भन्ने ध्येयले सरकारले ७७ वटै जिल्ला प्रशासन कार्यालमध्ये अधिकांशमा मेसिन नै राखेर टोकन पद्धति सुरु गरिएको बताए।मेसिन उपलब्ध हुन नसकेको केही जिल्ला प्रशासनमा पहिला पुग्नेको लिखित नाम टिपेरै भएपनि टोकन पद्धति दिने प्रचलन शुरु भएको र यसले केही सहजता ल्याएको दाबी गरे।"
पुटिनसँग कुराकानीपछि सचेत रहन युक्रेनलाई ट्रम्पको आग्रह,"काठमाडौँ — अमेरिकी राष्ट्रपति डोनाल्ड ट्रम्पले युक्रेनलाई आगामी आक्रमणलाई लिएर सचेत रहन आग्रह गरेका छन् । रुसी राष्ट्रपति भ्लादिमिर पुटिनसँग कुराकानीपछि उनले युक्रेनमा रुसले ठूलो आक्रमण गर्नसक्ने भन्दै सचेत रहन आग्रह गरेका हुन् ।ट्रम्पसँगको कुराकानीमा पुटिनले रुसी एयरबेसमा युक्रेनले गरेको ड्रोन आक्रमणको बदलामा जवाफ दिने बताएका छन् । पुटिनसँग फोनमा भएको कुराकानीबारे ट्रम्पले भने, ‘राष्ट्रपति पुटिनले निकै दृढताका साथ भनेका छन्,–हवाई अड्डामा हालै भएको आक्रमणको जवाफ रुसले दिनेछ ।’छिट्टै रुसले युक्रेनविरुद्ध उक्त ड्रोन आक्रमणको बदला लिनसक्ने ट्रम्पले बताएका छन् । रुसी अधिकारीहरुले बुधबार राति यो कुराकानीको पुष्टि गर्न अस्वीकार गरेका छन् । तर प्रतिक्रियाका लागि सैन्य विकल्पमाथि चर्चा भइरहेको बताएका थिए ।ट्रम्पले सामाजिक सञ्जाल ट्रुथमा एक पोस्ट लेख्दै एक घण्टाभन्दा बढी समय भएको फोन वार्ताबाट तत्काल रुस र युक्रेनबीच शान्ति स्थापना हुने सम्भावना नरहेको उल्लेख गरेका छन् ।"
उपकुलपति कार्यालय तोडफोडमा संलग्नमाथि अनुसन्धानमा बेवास्ता,"काठमाडौँ — त्रिभुवन विश्वविद्यालयको उपकुलपति कार्यालय तोडफोडमा संलग्नलाई अनुसन्धान र कारबाही प्रक्रिया अघि बढाउन प्रहरी उदासीन देखिएको छ । त्रिवि कार्यकारी परिषद्ले तोडफोडमा संलग्नलाई कारबाही गरी क्षतिपूर्ति भराउन कीर्तिपुर प्रहरी वृत्तमा उजुरी दिए पनि नाम किटान नगरिएको भन्दै अनुसन्धान र कारबाही प्रक्रिया अघि बढाइएको छैन ।सत्तारूढ कांग्रेसनिकट नेविसंघका कार्यकर्ताले गत बुधबार प्रहरीकै सामुन्ने उपकुलपति खड्ग केसीको सचिवालयमा तोडफोड गरेका थिए । विभिन्न क्याम्पसमा नेविसंघबाट निर्वाचित स्ववियु पदाधिकारीले १४ जेठमा उपकुलपति केसीको कार्यालयमा तोडफोड गरी सार्वजनिक सम्पत्तिमा हानि/नोक्सानी पुर्‍याएका थिए ।तोडफोडमा शंकरदेव क्याम्पसका स्ववियु सचिव मदनराज उपाध्याय, सहसचिव भुवन ओझाका साथै गजेन्द्र बम, लोकेश कुँवर, सबिन भट्ट, सोनु साह, किशोर थापा र भोजराज भनिने नेविसंघका कार्यकर्ता संलग्न रहेको त्रिविले जनाएको छ ।यस्तै, पब्लिक युथ क्याम्पस स्ववियु अध्यक्ष सन्तोष श्रेष्ठ, सरस्वती क्याम्पसका स्ववियु अध्यक्ष मुस्कानराज गौतम, भक्तपुर क्याम्पसका स्ववियु अध्यक्ष पुकार पराजुली पनि संलग्न रहेको प्रत्यक्षदर्शीको भनाइ छ । पराजुलीबाहेक अन्य २०७९ मा भएको स्ववियु निर्वाचनमा निर्वाचित पदाधिकारी हुन् ।कैलाशकुट बहुमुखी क्याम्पसका स्ववियु अध्यक्ष मुरारी गौतम, सानोठिमी क्याम्पसका विकल्प कार्की, राजेश तिमिल्सिना, कान्तिपुर कलेजका आँसु फुयाल, काभ्रे बहुमुखी क्याम्पसका रोहित पराजुली तोडफोडमा संलग्न रहेको त्रिविले जनाएको छ । उनीहरूले सामाजिक सञ्जाल फेसबुकमा भिडियो राख्दै तोडफोडको जिम्मेवारीसमेत लिएका छन् ।तोडफोडमा संलग्नलाई कारबाहीको माग गदै त्रिवि कार्यकारी परिषद्ले निर्णय गरी आइतबार कीर्तिपुर प्रहरी वृत्तमा उजुरी दिएको थियो । तर उनीहरू राजनीतिक संरक्षणमा रहेको र उनीहरूको गृह प्रशासनसम्मै पहुँच देखिएपछि प्रहरीले किटानी जोहरी आवश्यक पर्ने भन्दै अनुसन्धान प्रक्रिया रोकेर राखेको हो ।कीर्तिपुर वृत्तका प्रहरी नायब उपरीक्षक राजबाबु महर्जनले अनुसन्धान र कारबाहीका लागि किटानी जाहेरी अनिवार्य चाहिने बताए । ‘अनुसन्धान गर्नुपर्छ भन्ने निवेदन दर्ता भएको थियो,’ उनले भने, ‘त्यसको जवाफमा हामीले किटानी जोहरी माग गरेका छौं ।’ त्रिविले भने घटनामा संलग्नको विवरण र सीसीटीभी फुटेजसहित प्रहरीमा उजुरी दिइएको जनाएको छ ।फौजदारी कानुनका जानकार अधिवक्ता सुबास आचार्य भने सरकारीवादी मुद्दामा किटानी जाहेरी अनिवार्य नहुने बताए । ‘घटनाको सूचना पाएपछि प्रहरीले अनुसन्धान प्रक्रिया अघि बढाउन सक्छ । किटानी जाहेरी नै चाहिन्छ भन्ने हुँदैन,’ उनले भने, ‘कानुनले निषेध गरेको सार्वजनिक सम्पत्ति तोडफोडको सूचना पाउँदा पनि प्रहरीले कारबाही अघि नबढाएर जाहेरी चाहिन्छ भन्दै बस्छ भने विधिको शासन र फौजदारी कानुनमा राजनीतिक वा गैरराजनीतिक प्रभाव परेको भन्ने बुझ्नुपर्छ ।’अधिवक्ता आचार्यका अनुसार घटनाको सूचना पाएपछि आफैंले जाहेरी बनाएर वा सिधै अनुसन्धान प्रतिवेदन तयार पारेर प्रहरीले मुद्दा दर्ता प्रक्रिया अघि बढाउन सक्छ ।‘सार्वजनिक सम्पत्तिमा क्षति पुगेको विषयमा पीडितबाहेक जसले जसरी पनि सूचना दिन सक्छ । लिखित, मौखिक वा विद्युतीय माध्यमबाट पनि सूचना दिन सक्ने कानुनी व्यवस्था छ,’ उनले भने, ‘सूचना/जानकारी पाएपछि प्रहरीले रेकर्ड गरेर जाहेरीको मस्यौदा तयारी अघि पीडितको मन्जुरी लिएर पनि अघि बढ्न सक्छ । सिधै प्रहरीले अनुसन्धान प्रतिवेदन खडा गरेर पनि मुद्दा उठान गर्न मिल्छ । प्रहरी कुनै पनि बहानामा पन्छिन मिल्दैन ।’ सूचना नै नदिइएको भए पनि प्रहरीले कारबाही र अनुसन्धान अघि बढाउनुपर्ने उनले बताए ।सामाजिक सञ्जालमा केही विद्यार्थी नेताहरूले एकअर्कालाई सेयर गरेको फेसबुक पोस्टमा त्रिवि पदाधिकारीमाथि तुच्छ शब्द प्रयोग गरिएको छ ।त्यसमा लेखिएको छ, ‘नालायक भ्रष्ट त्रिवि पदाधिकारीको अराजकताविरुद्ध स्नातक तह प्रथम वर्षका विद्यार्थीको भर्ना हुनुपर्छ भन्दै काठमाडौं उपत्यकाभित्रका उपलब्ध नेविसंघ केन्द्रीय सदस्य, विभिन्न क्याम्पसका स्वतन्त्र विद्यार्थी युनियनका सभापति, पदाधिकारीलगायत सम्पूर्ण विद्यार्थीसहित विज्ञप्ति बुझाउन जाँदा उपकुलपतिको निर्देशनमा प्रहरीले हस्तक्षेप गरी विद्यार्थीलाई चोट लगाएको हुनाले यसका विरुद्ध आमविद्यार्थीलाई एकजुट भएर देशभरिबाट लाग्न अनुरोध गर्छौं । साथै विद्यार्थीको पढ्न पाउने हक सुनिश्चित गर्न हाम्रो आन्दोलन जारी रहनेछ ।’त्रिवि पदाधिकारीका अनुसार तोडफोडमा संलग्नहरूले गत माघमा रोकिएको स्नातक तह पहिलो वर्षको भर्ना खुलाउन दबाब दिँदै आएका छन् । स्ववियु निर्वाचनका कारण स्थगन गरिएको भर्ना पुनः खुलाउनुपर्ने उनीहरूको माग छ । सोही माग लिएर उपकुलपति कार्यालय पुगेको समूहले तोडफोड गरेको हो ।तीमध्ये कतिपयले भर्ना नखुलाए ज्यान मार्ने धम्की दिएको त्रिवि पदाधिकारीहरूको भनाइ छ । उपकुलपति केसीलगायत पदाधिकारीले भने त्रिविमा शैक्षिक क्यालेन्डरअनुसार स्थगित भएको भर्ना फेरि खुलाउन नसकिने बताउँदै आएका छन् । भदौदेखि माघसम्म भर्ना भएका विद्यार्थीले परीक्षा आवेदन फारामसमेत बुझाइसकेकाले नयाँ विद्यार्थीलाई भर्ना खोल्न नसकिने त्रिवि रजिस्ट्रार कार्यालयले जनाएको छ ।"
घरजग्गा कारोबारमा बैंक स्टेटमेन्ट अनिवार्य गर्ने व्यवस्थामा सरकारी निकायबीच नै विवाद,"काठमाडौँ — घरजग्गा किनबेचमा खरिदकर्ता र बिक्रीकर्ताको बैंक स्टेटमेन्ट अनिवार्य पेस गर्नुपर्ने प्रावधान तत्काल लागू नहुने देखिएको छ । प्रधानमन्त्री तथा मन्त्रिपरिषद् कार्यालयको चासोमा उक्त प्रावधान स्थगन गर्ने कि संशोधन गर्नेबारे छलफल भइरहेको भूमि मन्त्रालयका अधिकारी बताउँछन् ।भूमि व्यवस्थापन तथा अभिलेख विभागले यही जेठ १३ मा सम्पत्ति शुद्धीकरण तथा आतंकवाद क्रियाकलापमा वित्तीय लगानी निवारण सम्बन्धमा जारी गरेको निर्देशन २०८२ स्वीकृत गरेको छ । विभागले जेठ १४ मा देशभरका भूमिसुधार तथा मालपोत कार्यालय र मालपोत कार्यालयहरूलाई यससम्बन्धी ‘सर्कुलर’ समेत गरेको छ । त्यसयता घरजग्गा कारोबारमा खरिद–बिक्रीकर्ताको बैंक स्टेटमेन्ट अनिवार्य पेस गर्ने विषयलाई लिएर कार्यान्वयन गर्ने–नगर्ने विषयमा सरकारी निकायबीच नै मतभेद भएको छ ।भूमि मन्त्रालय स्रोतका अनुसार मालपोत कार्यालयमा कम मूल्य देखाउने तर ठूलो रकममा घरजग्गा कारोबार हुनेलगायत विषयलाई नियन्त्रण गर्न विभागले निर्देशन दिएको छ । तर प्रधानमन्त्री कार्यालयबाट आएको निर्देशनपछि के गर्ने भनेर आन्तरिक रूपमा छलफल भइरहेको स्रोतले जनायो । ‘तत्काल स्थगित नगर्ने पक्षमा नै हो, ढिलोचाँडो यही नै गर्नुपर्छ,’ स्रोतले भन्यो, ‘तर प्रधानमन्त्री कार्यालयबाट अनौपचारिक निर्देशन आएकाले छलफलमै छौं, संशोधन गर्ने कि स्थगित गर्ने ?’नेपाल फाइनान्सियल एक्सन टास्क फोर्स (एफएटीएफ) को ग्रे लिस्टमा परेको छ । उक्त सूचीबाट मुलुकलाई बाहिर निकाल्न नेपालले दुई वर्षको समय पाएको छ । यसका लागि कार्ययोजना पनि बनाएको छ । सोही कार्ययोजनाबमोजिम विभागले घरजग्गा कारोबार सम्बन्धमा सम्पत्ति शुद्धीकरण निर्देशन जारी गरेको हो । ‘घरजग्गा खरिद बिक्रीको कारोबार गर्दा सूचक संस्थाले खरिदकर्ताको बैंक खाताबाट बिक्रीकर्ताको बैंक खातामा कारोबार बराबरको रकम जम्मा भएको प्रमाण लिखतसाथ संलग्न गर्नुपर्नेछ,’ निर्देशनमा भनिएको छ ।घरजग्गा किनबेचमा खरिदकर्ता र बिक्रीकर्ताको बैंक स्टेटमेन्ट अनिवार्य रूपमा पेस गर्नुपर्ने र केवाईसी भर्नुपर्ने विषयलाई तत्काल लागू गर्ने कि नगर्ने छलफल भइरहेको छ । ‘सूचक संस्थाले घरजग्गा खरिद–बिक्रीको कारोबार गर्दा क्रेता तथा विक्रेता दुवैको केवाईसी फाराम भर्न लगाई लिखतसाथ सिस्टममा अपलोड गर्नुपर्नेछ, त्यस्ता केवाईसी फाराम भू–सेवा केन्द्र लागू भएका कार्यालयमा भू–सेवा केन्द्रले र भू–सेवा केन्द्र लागू नभएका कार्यालयमा कार्यालयको सर्भिस डेक्सले भर्न लगाई लिखतसाथ सिस्टममा अपलोड गर्नुपर्नेछ,’ निर्देशनमा भनिएको छ ।विभागले हतारो र अपरिपक्व निर्देशन लागू गरेको प्रधानमन्त्री तथा मन्त्रिपरिषद् कार्यालयका सचिव फणीन्द्र गौतमले बताए । ‘लिने–दिने दुवैले बैंक स्टेटमेन्ट दाखिला गर्नुपर्ने व्यवस्था राखिएको रहेछ, केवाईसी भर्नुपर्ने विषय पनि छ, जुन मिलेन । यो स्थगन गर्ने प्रक्रियामा छ,’ उनले भने ।सम्पत्ति शुद्धीकरणसम्बन्धी ऐनले घरजग्गा व्यवसायीलाई निश्चित क्षेत्रफल र निश्चित रकमभन्दा बढी कारोबारको सीमा तोक्ने, अनुमतिपत्र दिने र ती कम्पनीले मात्रै काम गर्न पाउने व्यवस्था गरेको छ । बैंकको स्टेटमेन्ट भनेको मान्छेको व्यक्तिको गोप्य विषय रहेकाले त्यसलाई बाहिर ल्याउन छुट्टै कानुनी आधार चाहिने उनले जनाए ।केवाईसीको विषय तत्काल लागू नगर्न, घरजग्गा व्यवसायीको दर्ता प्रक्रिया सुरु र लाइसेन्स लिइसकेपछि मात्रै काम अघि बढाउन विभागलाई भनिरहेको उनले सुनाए ।‘उहाँहरूले शुक्रबारसम्म गर्नुहोला, यसबारे शुक्रबार निर्णय हुन्छ,’ उनले भने । अब घरजग्गा खरिद–बिक्रीको कारोबार गर्दा १० लाख रुपैयाँभन्दा माथि ५० लाख रुपैयाँसम्मको कारोबार बैंकिङ प्रणाली वा विद्युतीय भुक्तानी प्रणालीमार्फत गर्नुपर्नेछ । तर ५० लाख रुपैयाँभन्दा बढी रकमको कारोबार विद्युतीय भुक्तानी प्रणालीमार्फत सोझै र चेकमार्फत गर्दा बिक्रीकर्ताका नाममा तयार गरिएको ‘गुड फर पेमेन्ट’ चेकमार्फत गर्नुपर्नेछ । यस्तै, घरजग्गा कारोबारमा स्थानीय तहले प्रमाणित गरेको बैनाबट्टाको कागज पेस गरेमा १० लाख रुपैयाँभन्दा बढीको बैनाबट्टा भएको भए त्यस्तो रकम खरिदकर्ताको बैंक खाताबाट बिक्रीकर्ताको बैंक खातामा विद्युतीय प्रणालीमार्फत लेनदेन भएको विवरण बैनाबट्टाको कागजातसाथ पेस गर्न विभागले भनेको छ ।भूमि मन्त्रालयका सचिव केदारनाथ शर्माले पनि आन्तरिक छलफल भइरहेको बताए । ‘संशोधन हुने वा स्थगन गर्ने विषयमा आन्तरिक छलफल भइरहेको छ,’ उनले भने, ‘शुक्रबारसम्म केही आउला ।’विभागले ल्याएको बैंक स्टेटमेन्ट अनिवार्य गर्ने निर्देशन सहज नभए पनि कार्यान्वयन गर्नुपर्ने भूमि विज्ञ जगत देउजाले जनाए । ‘घरजग्गा कारोबार गर्ने नाममा जथाभाबी गर्ने छुट दिनु हुँदैन,’ उनले भने, ‘प्रावधान राम्रो छ, संशोधन नै नगरी कार्यान्वयन गर्न जरुरी छ ।’ किनबेच गर्ने दुवैको बैंक स्टेटमेन्ट र केवाईसी भर्नुपर्ने विषय असान्दर्भिक रहेको नेपाल घरजग्गा तथा आवास विकास महासंघका अध्यक्ष विष्णु घिमिरेको भनाइ छ ।"
‘टेक एन्ड पे’ पीपीए संशोधन नभए आन्दोलनमा जाने ऊर्जा उत्पादकहरूको चेतावनी,"काठमाडौँ — आगामी आर्थिक वर्षको बजेटमा नदी प्रवाहमा आधारित (आरओआर) जलविद्युत् आयोजनाको ‘टेक एन्ड पे’ (लिऊ र तिर) प्रावधानअनुसार विद्युत खरिद–बिक्री सम्झौता (पीपीए) गर्ने घोषणाविरुद्ध ऊर्जा उत्पादक एकजुट भएका छन् । स्वतन्त्र ऊर्जा उत्पादकहरूको संस्था, नेपाल (इप्पान) ले बिहीबार कालो ब्यानरमा गरेको सार्वजनिक कार्यक्रममा उनीहरूले ऊर्जा, जलस्रोत तथा सिँचाइमन्त्री दीपक खड्काको राजीनामासमेत मागे ।ऊर्जा प्रवर्द्धकको सम्बन्धित निकाय नेपाल विद्युत् प्राधिकरणका कार्यकारी निर्देशक हितेन्द्रदेव शाक्य, ऊर्जामन्त्री खड्कादेखि अर्थमन्त्री विष्णु पौडेलसमेत आफूले नपठाएको र कहाँबाट आयो भन्दै जिम्मेवारी लिनुका साटो पन्छिन थालेको प्रवर्द्धकहरू बताउँछन् । नदी प्रवाहमा आधारित जलविद्युत् आयोजनाको अनुमतिपत्रवाहक प्रवर्द्धकहरूको भेलामा बजेटमार्फत आएको उक्त बुँदा नसच्याए चरणबद्ध आन्दोलन अघि बढाउँदै ‘ब्ल्याकआउट’ सम्ममा जानुपर्ने धारणा राखे ।भेलालाई सम्बोधन गर्दै इप्पानका अध्यक्ष गणेश कार्कीले ‘टेक एन्ड पे’ विरुद्ध अब निर्णायक आन्दोलनभन्दा अर्को विकल्प नदेखेको बताए । बजेटको एउटा बुँदामा आएको एउटा सानो वाक्यले १७ हजार मेगावाट क्षमताका आयोजनाको भविष्य नै अन्योलमा परेको र लगानी भइसकेको ६६ अर्ब रुपैयाँभन्दा बढी लगानी जोखिममा परेको उनको भनाइ छ ।‘अर्थमन्त्री, ऊर्जामन्त्री, ऊर्जा सचिव र नेपाल विद्युत् प्राधिकरणका कार्यकारी निर्देशकले ‘टेक एन्ड पे’ को विषय बजेटमा कसरी आयो भन्नेमा आफूहरूलाई जानकारी नै नभएको भन्नुभएको छ ।आधिकारिक निकायबाट प्रस्ताव नगए पनि पावर र पहुँचका आधारमा मौखिक प्रस्तावमै ऊर्जा क्षेत्रलाई सिध्याउने कुरा बजेटमा राखिएको छ,’ उनले भने, ‘यो प्रस्ताव नसच्चिए ऊर्जा क्षेत्र समाप्त हुन्छ । क्षेत्र सकिए ऊर्जा उत्पादकहरू पनि सकिन्छन् । उत्पादकहरू या त झुन्डिन तयार हुनुपर्ने भयो या त आन्दोलन गर्न तयार हुनुपर्ने भयो ।’पहिले कार्पेट उद्योग फस्टाउँदा त्यसलाई जसरी सिध्याए अहिले ऊर्जा क्षेत्रलाई पनि त्यसैगरी सिध्याउने खेल सुरु भएको इप्पानका वरिष्ठ उपाध्यक्ष मोहनकुमार डाँगीले बताए । ‘यो रातारात आएको कुरा होइन । प्रवर्द्धकको ३३ प्रतिशत सेयर लक गर्ने, आयोजनाले बत्ती नबाली आईपीओ ल्याउन नदिने, सर्वोच्चको एउटा फैसलाबाट २० हजार मेगावाटका आयोजना बन्न नदिने र अहिले ‘टेक एन्ड पे’ भनेर अर्को १७ हजार मेगावाटका आयोजना पनि बन्न नदिने योजनाबद्ध चाल चलिरहेका छन्,’ उनले भने, ‘यसका लागि कडाभन्दा कडा आन्दोलनभन्दा अर्को विकल्प छैन ।’इप्पानका वरिष्ठ उपाध्यक्ष मोहनकुमार डाँगीको नेतृत्वमा संघर्ष समिति बनाई संघर्षका कार्यक्रमहरूको मोडालिटी बनाइने इप्पानका महासचिव बलराम खतिवडाले बताए । संघर्ष नगरी यत्तिकै यो प्रावधान सरकारले नहटाउने समेत उनले सुनाए । ‘टेक एन्ड पे’ प्रावधानभन्दा खतरनाक कुरा विद्युत् ऐनमा राखेर ऐन ल्याउन लागिएको भन्दै ऐन आएको भोलिपल्टबाट यो क्षेत्रका उद्यमीहरू भाग्नुपर्ने अवस्था आउने भन्दै विद्युत् ऐनमा निजी क्षेत्रका सवालहरू के कति समेटिँदै छन्, त्यतातर्फ ध्यान दिनुपर्ने उनको भनाइ छ ।नेतृत्वमा बसेकाले थाहा छैन भन्दै पन्छिन नमिल्ने भएकाले कि इप्पानसँग आन्दोलनमा हिँड्नुपर्ने कि त ऊर्जामन्त्रीले राजीनामा दिनुपर्ने ऊर्जा प्रवर्द्धक गोरे शेर्पाले बताए । ‘नेतृत्वमा बसेकालाई थाहा छैन रे, त्यसो भए कि इप्पानसँग मिलेर आन्दोलन गर्नुपर्‍यो कि ऊर्जामन्त्रीले राजीनामा दिनुपर्‍यो,’ उनले भने, ‘बैंकले टेक एन्ड पेमा पीपीए भएको आयोजनामा लगानी गर्छ कि गर्दैन त्यो पनि जानकारी लिनुपर्‍यो ।’‘टेक एन्ड पे’ प्रावधानबारे सहमत भए सहमत छु भन्नुपर्ने नत्र ऊर्जामन्त्रीले कहाँबाट आयो भनेर भन्न नमिल्ने इप्पानका सल्लाहकार अरुण सुवेदीले तर्क गरे । ‘ऊर्जामन्त्री जस्तो मान्छेले बजेटमा कहाँबाट आयो भन्न मिल्छ, ?’ उनले प्रश्न सोधे । ‘टेक एन्ड पे’ प्रावधान सच्याउन इप्पानको टोली गत मंगलबार मात्रै ऊर्जामन्त्री खड्कालाई लिएर अर्थमन्त्री पौडेलकोमा पुगेको थियो । अर्थमन्त्रीले उक्त बुँदा सच्याउन सल्लाह गर्नुपर्ने बताउँदा ऊर्जामन्त्रीले भने यो व्यवस्था नसच्चिए आफू पनि निजी क्षेत्रकै साथमा रहेर आन्दोलनमा सहभागी हुने बताएका थिए ।ऊर्जा मन्त्रालयले २८ हजार ५ सय मेगावाट विद्युत् उत्पादन पुर्‍याउने मार्गचित्र ल्याउँदा अर्थ मन्त्रालयले भने बजेटमा उक्त कुरा कतै पनि छोएन । बरु उल्टै नदी प्रवाहमा आधारित आयोजनाहरूको ‘टेक एन्ड पे’ मा पीपीए गर्ने कुरा समेटेर यो क्षेत्रमा गरिएको लगानी नै जोखिममा पार्ने काम गरिदिएको छ । यही व्यवस्था कायम रहे अहिले अध्ययनको चरणमा रहेका करिब २ हजार मेगावाट क्षमताका ३ दर्जन हाराहारी अर्धजलाशययुक्त जलविद्युत आयोजनाको मात्रै पीपीए हुनेछ ।"
"नेप्से घट्यो, जलविद्युत्‌‌मा आकर्षण","काठमाडौँ — सेयर कारोबार मापक नेप्से परिसूचक बिहीबार ५.९९ अंकले घटेको छ । यस दिन शून्य दशमलव २२ प्रतिशतले घटेर २ हजार ६ सय ४० दशमलव ९६ बिन्दुमा ओर्लिएको छ । गत सोमबार एक दशमलव ६० अंकले बढेको नेप्से मंगलबार ३५.७३ र बुधबार ११.९७ अंकले घटेको थियो । नेप्से घट्ने क्रम साताको अन्तिम कारोबार दिन बिहीबार पनि जारी नै रह्यो ।बिहीबार कुल ९४ कम्पनीको सेयर मूल्य बढ्यो, १५३ कम्पनीको मूल्य घट्यो भने एक कम्पनीको स्थिर रह्यो । नेप्सेका अनुसार ७७ हजार ६ सय ७० पटकको किनबेचबाट ७ अर्ब ९७ करोड ८ लाख रुपैयाँ कारोबार भएको छ । कुल १ करोड ७१ लाख ८ हजार ८ सय ९ कित्ता सेयर किनबेच भए ।नेप्से घटेसँगै तीन कारोबार दिनमा सेयर बजारको आकार (कुल बजार पुँजीकरण) मा ८८ अर्ब ८८ करोड ७८ लाख रुपैयाँले संकुचन आएको छ  । अघिल्लो दिन सोमबार ४४ खर्ब ८७ अर्ब ८९ करोड रुपैयाँ रहेको कुल बजार पुँजीकरण बिहीबार ४३ खर्ब ९९ अर्ब १ करोड रुपैयाँ कायम भएको छ । कुल सूचीकृत सेयरलाई सोही दिनको सेयर मूल्यले गुणा गरेर कुल बजार पुँजीकरण गणना गरिन्छ । पुँजीकरण घट्नुको अर्थ सूचीकृत सेयरको बजार मूल्यमा कमी आउनु हो । यही आधारमा पुँजीकरण घट्दा लगानीकर्ताको सम्पत्तिको मूल्य घटेको रूपमा विश्लेषण गरिन्छ ।जलविद्युत् र लगानीबाहेक सबै उपसमूह घट्यो । जलविद्युत् ३८.८५ र लगानी शून्य दशमलव शून्य ४ अंकले बढ्यो । उत्पादन तथा प्रशोधन ७५.६५, जीवन बिमा ७३.३६, व्यापार ३६.६३ र होटल तथा पर्यटन भने ३२.८० अंकले घटेका छन् ।रिभर फल्स पावर लिमिटेडको मूल्य १० प्रतिशतले बढेर सर्किट ब्रेक लाग्यो । बुटवल पावर कम्पनीको ९.९८, पियोर इनर्जीको ९.९८, वरुण हाइड्रोपावरको ९.९६ र सप्तकोशी विकास बैंकको ९.५० प्रतिशतले सेयर मूल्य बढ्यो । ओम मेगाश्री फर्मास्युटिकल्सको ९.३०, ग्रिन डेभलपमेन्ट बैंकको ३.९०, एनएमबी ५० को ३.६७, सुपर माई हाइड्रोपावरको ३.५५ र जनउत्थान सामुदायिक लघुवित्तको ३.४७ प्रतिशतले सेयर मूल्य घट्यो ।कारोबार रकमका आधारमा राधी विद्युत् कम्पनी, युनिभर्सल पावर कम्पनी, बुटवल पावर कम्पनी, ङादी ग्रुप पावर र अरुण काबेली पावर अघि रह्यो । राधी विद्युत् कम्पनीको ९१ करोड २३ लाख, युनिभर्सल पावर कम्पनीको ६४ करोड ३७ लाख, बुटवल पावर कम्पनीको ४९ करोड ५५ लाख, ङादी ग्रुप पावरको ४३ करोड ३५ लाख र अरुण काबेली पावरको २९ करोड ३ लाख रुपैयाँको कारोबार भएको छ ।युनिभर्सल पावर कम्पनीको सबैभन्दा धेरै कित्ता सेयर खरिदबिक्री भएको छ । युनिभर्सल पावर कम्पनीको १४ लाख ५ हजार ४ सय ५ कित्ता, राधी विद्युत् कम्पनीको ११ लाख १९ हजार १ सय १३, ङादी ग्रुप पावरको ११ लाख १२ हजार २ सय ५९, अरुण काबेली पावरको १० लाख ५७ हजार २ सय ८५ र बुटवल पावर कम्पनीको ८ लाख ९ हजार २ सय ५१ कित्ता सेयर खरिदबिक्री भएको नेप्सेले जनाएको छ ।"
यस्तो छ आजको लागि विदेशी मुद्राको विनिमयदर,"काठमाडौँ — नेपाल राष्ट्र बैंकले आजका लागि विदेशी मुद्राको विनिमयदर निर्धारण गरेको छ । राष्ट्र बैंकका अनुसार अमेरिकी डलर एकको खरिददर १३६ रुपैयाँ ९७ पैसा र बिक्रीदर १३७ रुपैयाँ ५७ पैसा कायम भएको छ ।युरोपियन युरो एकको खरिददर १५६ रुपैयाँ ४५ पैसा र बिक्रीदर १५७ रुपैयाँ १३ पैसा, युके पाउण्ड स्ट्रलिङ एकको खरिददर १८५ रुपैयाँ ८७ पैसा र बिक्रीदर १८६ रुपैयाँ ६८ पैसा, स्वीस फ्रयाङ्क एकको खरिददर १६७ रुपैयाँ १२ पैसा र बिक्रीदर १६७ रुपैयाँ ८५ पैसा कायम गरिएको छ ।अष्ट्रेलियन डलर एकको खरिददर ८९ रुपैयाँ १४ पैसा र बिक्रीदर ८९ रुपैयाँ ५३ पैसा, क्यानेडियन डलर एकको खरिददर १०० रुपैयाँ २५ पैसा र बिक्रीदर १०० रुपैयाँ ६९ पैसा, सिङ्गापुर डलर एकको खरिददर १०६ रुपैयाँ ६२ पैसा र बिक्रीदर १०७ रुपैयाँ ०९ पैसा निर्धारण गरिएको छ ।जापानी येन १० को खरिददर नौ रुपैयाँ ५६ पैसा र बिक्रीदर नौ रुपैयाँ ६१ पैसा, चिनियाँ युआन एकको खरिददर १९ रुपैयाँ ०८ पैसा र बिक्रीदर १९ रुपैयाँ १६ पैसा, साउदी अरेबियन रियाल एकको खरिददर ३६ रुपैयाँ ५२ पैसा र बिक्रीदर ३६ रुपैयाँ ६८ पैसा, कतारी रियाल एकको खरिददर ३७ रुपैयाँ ५८ पैसा र बिक्रीदर ३७ रुपैयाँ ७४ पैसा कायम भएको छ ।केन्द्रीय बैंकका अनुसार थाइ भाट एकको खरिददर चार रुपैयाँ २१ पैसा र बिक्रीदर चार रुपैयाँ २३ पैसा, युएई दिराम एकको खरिददर ३७ रुपैयाँ २९ पैसा र बिक्रीदर ३७ रुपैयाँ ४६ पैसा, मलेसियन रिङ्गेट एकको खरिददर ३२ रुपैयाँ ३८ पैसा र बिक्रीदर ३२ रुपैयाँ ५२ पैसा, साउथ कोरियन वन १०० को खरिददर १० रुपैयाँ ०९ पैसा र बिक्रीदर १० रुपैयाँ १४ पैसा, स्वीडिस क्रोनर एकको खरिददर १४ रुपैयाँ ३० पैसा र बिक्रीदर १४ रुपैयाँ ३६ पैसा र डेनिस क्रोनर एकको खरिददर २० रुपैयाँ ९७ पैसा र बिक्रीदर २१ रुपैयाँ ०७ पैसा तोकिएको छ ।राष्ट्र बैंकले हङकङ डलर एकको खरिददर १७ रुपैयाँ ४६ पैसा र बिक्रीदर १७ रुपैयाँ ५३ पैसा, कुवेती दिनार एकको खरिददर ४४६ रुपैयाँ ६४ पैसा र बिक्रीदर ४४८ रुपैयाँ ५९ पैसा, बहराइन दिनार एकको खरिददर ३६३ रुपैयाँ ३० पैसा र बिक्रीदर ३६४ रुपैयाँ ८९ पैसा, ओमनी रियाल एकको खरिददर ३५५ रुपैयाँ ७९ पैसा र बिक्रीदर ३५७ रुपैयाँ ३५ पैसा रहेको छ ।भारतीय रुपैयाँ एक सयको खरिददर १६० रुपैयाँ र बिक्रीदर १६० रुपैयाँ १५ पैसा तोकेको छ । राष्ट्र बैंकले यो विनिमयदरलाई आवश्यकतानुसार जुनसुकै समयमा पनि संशोधन गर्न सकिने जनाएको छ । वाणिज्य बैंकले तोक्ने विनिमयदर भने फरक हुनसक्ने र अद्यावधिक विनिमयदर केन्द्रीय बैंकको वेबसाइटमा उपलब्ध हुने जनाइएको छ ।"
चेम्बर र आइएमएफका प्रतिनिधिबीच नेपालको आर्थिक अवस्थाबारे छलफल,"काठमाडौँ — नेपाल चेम्बर अफ कमर्स र अन्तर्राष्ट्रिय मुद्रा कोष (आईएमएफ) का उच्चस्तरीय प्रतिनिधिबीच नेपालको वर्तमान आर्थिक अवस्था, निजी क्षेत्रले भोग्नुपरेका कठिनाई, आगामी आर्थिक वर्षको बजेट लगायतका विषयमा छलफल भएको छ ।काठमाडौंको जमलस्थित चेम्बर भवनमा बिहीबार आयोजित कार्यक्रममा मुलुकको औद्योगिक र व्यावसायिक वातावरण, कोभिड पछिको अर्थतन्त्र, आगामी आर्थिक वर्षको बजेट र मौद्रिक नीति लगायतका विषयमा केन्द्रित भएर छलफल भएको हो ।आईएमएफका प्रतिनिधिसँग चेम्बरका अध्यक्ष कमलेशकुमार अग्रवालले अर्थतन्त्रको वर्तमान समस्यालाई सम्वोधन गर्नेगरी आगामी आर्थिक बर्षको बजेट आएकाले निजी क्षेत्रमा आशा पलाएको बताए । ‘सरकारले उच्चस्तरीय आर्थिक सुधार सुझाव आयोगको प्रतिवेदन र निजी क्षेत्रले दिएका सुझावका आधारमा नै आगामी अर्थिक वर्षको बजेट ल्याएको छ,’ उनले भने, ‘बजेट समग्रमा सन्तुलित छ । कार्यान्वयनको पाटो प्रभावकारी बनाउन सरकारलाई सुझाव दिएका छौं ।’कुल ६ प्रतिशतको आर्थिक वृद्धि गर्ने गरी ल्याइएको बजेटको लक्ष्य पूरा गर्न सोही अनुसारको सहजीकरण हुनेगरी मौद्रिक नीति आउनुपर्नेमा अध्यक्ष अग्रवालले जोड दिए ।कोभिड १९ पछि अंगिकार गरिएका संकुचित नीतिहरुका कारण निजी क्षेत्रले धेरै ठूलो क्षति बेहोर्नुपरेको र वर्तमान आर्थिक शिथिलताको कारण पनि सोही नीतिहरु नै रहेको अध्यक्ष अग्रवालले बताए ।मुलुकको अर्थतन्त्र केही दवावमा रहेपनि आगामी बजेटको प्रभावकारी कार्यन्वयन हुन सके अधिकांश समस्या सम्वोधन हुनेमा आफुहरु विश्वस्त रहेको अध्यक्ष अग्रवालले जनाए ।आइएमएफ मिसन चिफ डा. सर्वात जाहान नेतृत्वको प्रतिनिधि मण्डललले चेम्बर पदाधिकारीहरुसंगको भेटमा नेपालको वर्तमान आर्थिक अवस्था, निजी क्षेत्रले भोग्नुपरेका समस्या, आगामी आर्थिक वर्षको बजेट र मौद्रिक नीति लगायतका विषयमा जिज्ञासा राखेका थिए ।"
लगानी बोर्डले स्वीकृत गर्‍यो सवा खर्ब रुपैयाँ लगानी,"काठमाडौँ — लगानी बोर्ड नेपालको ६४ औं बैठकले १ खर्ब १७ अर्ब ४० करोड रुपैयाँ लगानी स्वीकृत गरेको छ । प्रधानमन्त्री एवं बोर्डका अध्यक्ष केपी शर्मा ओलीको अध्यक्षतामा बिहीबार बसेको बोर्ड बैठकले मुक्तिनाथ केबलकार र माथिल्लो सेती जलविद्युत् आयोजनाको प्रस्तावक कम्पनीसँग पीडीए गर्न बोर्डका प्रमुख कार्यकारी अधिकृत (सीईओ) सुशील ज्ञवालीको संयोजकत्वमा छुट्टाछुट्टै समिति गठन गर्ने निर्णय गरेको हो ।बोर्डका अनुसार ४३ दशमलव २ मेगावाटको छिलुङखोला जलविद्युत् आयोजना, २१६ मेगावाटको बझाङ माथिल्लो सेती जलविद्युत् आयोजना र ४४ मेगावाटको बकान खोला जलविद्युत् परियोजनाको ५९ अर्ब ७६ करोड रुपैयाँ र मुक्तिानाथ केबलकारका लागि ५७ अर्ब ६४ करोड रुपैयाँ लगानी स्वीकृत गरेको हो ।पर्वतको सेराफाँट (वीरेठाँटी/नयाँपुल) देखि मुस्ताङको मुक्तिनाथसम्म सात स्थानमा स्टेसनसहित ८१ दशमलव ४१ किलोमिटरको लामो केबलकार निर्माण गर्न लागिएको छ । परियोजना निर्माण, स्वामित्वकरण, सञ्चालन र हस्तान्तरण (बुट) ढाँचामा मुक्तिनाथ दर्शन प्रालिले निर्माण गर्न प्रस्ताव गरेको थियो । बैठकले उक्त प्रालिसँग परियोजना विकासको सम्झौताको सर्त आदि विषयमा वार्ता गर्न बोर्डका सीईओ ज्ञवालीको संयोजकत्वमा समिति गठन गरेको छ । उक्त केबलकार सञ्चालनमा आए स्थानीयस्तरमा ठूलो मात्रामा पर्यटक र रोजगारी वृद्धि हुने अपेक्षा गरिएको छ ।बैठकले ७ सय ५० मेगावाट क्षमताको १ खर्ब ६० अर्ब लगानी रहने पश्चिम सेती जलाशययुक्त आयोजनाको विस्तृत प्रतिवेदन थप अध्ययन गर्ने भएको छ । नेपालमा रेलमार्ग क्षेत्रमा सहकार्यका लागि अध्ययन गर्न दक्षिण कोरियाको कोरेल संस्थासँग गरिने सम्झौताको मस्यौदा मन्त्रिपरिषद्बाट स्वीकृति लिने निर्णय पनि गरेको बोर्डका प्रवक्ता प्रद्युम्न उपाध्यायले बताए । बैठकले जनकपुरमा रिफाइन इडिबल ओयल (खाने तेल) उद्योग र विभिन्न स्थानमा सूचना प्रविधि उद्यान स्थापनाका लागि प्राप्त प्रस्तावहरू अघि बढाउने निर्णय पनि गरेको छ ।"
सामान्य अंकले घट्यो नेप्से,"काठमाडौँ — सेयर कारोबार मापक नेप्से परिसूचक ५.९९ अंकले घटेको छ । शून्य दशमलव २२ प्रतिशतले घटेर २ हजार ६ सय ४० दशमलव ९६ विन्दुमा ओर्लिएको  छ ।कुल ९४ कम्पनीको सेयर मूल्य बढ्यो, १५३ कम्पनीको मूल्य घट्यो भने एक कम्पनीको स्थिर रह्यो ।नेप्सेका अनुसार ७७ हजार ६७० पटकको किनबेचबाट ७ अर्ब ९७ करोड ८ लाख रुपैयाँ कारोबार भएको छ । कुल १ करोड ७१ लाख ८ हजार ८०९ कित्ता सेयर किनबेच भए ।जलविद्युत् र लगानी बाहेक उपसमूहहरु घट्यो ।"
घरजग्गा खरिद-बिक्रीकर्ताको अनिवार्य बैंक स्टेटमेन्टको प्रावधान संशोधन हुने,"काठमाडौँ — अब घरजग्गा किनबेचमा खरिदकर्ता र बिक्रीकर्ताको बैंक स्टेटमेन्ट अनिवार्य रुपमा पेस गर्नुपर्ने प्रावधान संशोधन हुने भएको छ । भूमि व्यवस्था तथा अभिलेख विभागले मंगलबार सम्पत्ति शुद्धीकरण तथा आतंकवाद क्रियाकलापमा वित्तीय लगानी निवारण सम्बन्धमा जारी गरिएको निर्देशन २०८२ मा सो व्यवस्था जारी गरेको थियो  ।भूमि व्यवस्था, गरिबी निवारण तथा सहकारी मन्त्रालयका सचिव केदारनाथ शर्माले निर्देशनको कुनकुन बुँदा संशोधन गर्न भन्नेबारे छलफल भइरहेको बताए । 'संशोधनमा साथीहरूले छलफल गरिरहनुभएको छ,' उनले भने, 'आज साँझसम्म उक्त निर्देशन संशोधन होला ।'मन्त्रालयका स्रोतअनुसार प्रधानमन्त्री कार्यालयले बुधबार अनिवार्य बैंक स्टेटमेन्ट प्रावधान हटाउन निर्देशन दिएको थियो । सोहीअनुसार निर्देशन संशोधन गर्न छलफल भइरहेको स्रोतको भनाइ छ ।हाल नेपाल फाइनान्सियल एक्सन टास्क फोर्स (एफएटीएफ) को ग्रे लिस्टमा परेको छ । उक्त सूचीबाट मुलुकलाई बाहिर निकाल्न नेपालले दुई वर्षको समय पाएको छ । यसका लागि कार्ययोजना पनि बनाएको छ । सोही कार्ययोजनाबमोजिम विभागले घरजग्गा कारोबार सम्बन्धमा सम्पत्ति शुद्धीकरण निर्देशन जारी गरेको हो ।‘घरजग्गा खरिद बिक्रीको कारोबार गर्दा सूचक संस्थाले खरिदकर्ताको बैंक खाताबाट बिक्रीकर्ताको बैंक खातामा कारोबार बराबरको रकम जम्मा भएको प्रमाण लिखत साथ संलग्न गनुपर्नेछ,’ निर्देशनमा भनिएको छ ।घरजग्गा खरिद बिक्रीको कारोबार गर्दा १० लाख रुपैयाँभन्दा माथि ५० लाख रुपैयाँसम्मको कारोबार बैंकिङ प्रणाली वा विद्युतीय भुक्तानी प्रणालीमार्फत गर्नुपर्नेछ । तर ५० लाख रुपैयाँभन्दा बढी रकमको कारोबार विद्युतीय भुक्तानी प्रणालीमार्फत सोझै र चेकमार्फत गर्दा बिक्रीकर्ताका नाममा तयार गरिएको गुड फर पेमेन्ट चेकमार्फत गर्नुपर्नेछ ।यस्तै, घरजग्गा कारोबारमा स्थानीय तहले प्रमाणित गरेको बैनाबट्टाको कागज पेस गरेमा १० लाख रुपैयाँभन्दा बढीको बैनाबट्टा भएको भए त्यस्तो रकम खरिदकर्ताको बैंक खाताबाट बिक्रीकर्ताको बैंक खातामा विद्युतीय प्रणालीमार्फत लेनदेन भएको विवरण बैनाबट्टाको कागजात साथ पेस गर्न विभागले भनेको छ ।"
अर्थ मन्त्रालयले सुरु गर्‍यो बजेट कार्यान्वयनको गृहकार्य,"काठमाडौँ — अर्थ मन्त्रालयले आगामी वर्षको बजेट कार्यान्वयनको गृहकार्य सुरु गरेको छ । अर्थ मन्त्रालयमा आयोजित बैठकमा नीति तथा कार्यक्रम, बजेट र माइलस्टोनबीच तादात्म्य मिलाई कार्य योजना बनाएर कार्यान्वयन गर्ने गृहकार्य सुरु भएको हो ।उपप्रधानमन्त्री एवं अर्थमन्त्री विष्णुप्रसाद पौडेलले बजेट वक्तव्यमा समावेश भएका कार्यक्रम तथा आयोजनाका लागि खरिदसम्बन्धी तयारी कार्य अघि बढाउन निर्देशन दिएका छन् । बजेट स्वीकृत भएलगत्तै सम्झौता गर्न सकिने गरी तयारी गर्दा छिटो काम गर्न सहज हुने उनको भनाइ छ ।मुख्य सचिव एकनारायण अर्यालले खरिद प्रक्रिया अघि बढाउन थप ऐन कानुन जरुरी नभएको उल्लेख गर्दै बजेटमा उल्लेख भएअनुसार खरिदका लागि तयारी प्रक्रिया अघि बढाउदा हुने धारणा व्यक्त गरे ।बैठकमा चालु आर्थिक वर्षको पुँजीगत खर्च वृद्धिमा विशेष ध्यान दिनेबारे पनि छलफल भएको थियो । बैठकमा अर्थ सचिव घनश्याम उपाध्यायले स्रोत सुनिश्चितता भएका र आवश्यक कागजात भएका योजना तथा कार्यक्रमको सम्बन्धमा रकमान्तर लगायतका विषयमा अर्थ मन्त्रालयले तत्काल सहजीकरण गर्ने बताए ।उनले स्रोत सहमति भएका र कागजात पूरा भएका आयोजना तथा कार्यक्रमको सम्बन्धमा सहजीकरणका लागि आवश्यक परे बिदा र शनिबारको दिन पनि काम गर्ने बताउँदै प्रक्रिया पुगेका र हुन सक्ने काम मात्र अर्थ मन्त्रालयमा पठाउन सम्बन्धित मन्त्रालयका सचिवहरुलाई अनुरोध गरे ।बैठकमा भौतिक पूर्वाधार तथा यातायात मन्त्रालय, जल स्रोत तथा सिँचाइ मन्त्रालय, खानेपानी मन्त्रालय लगायतका सचिवको उपस्थिति थियो ।"
"सुनको मूल्यमा सामान्य वृद्धि, चाँदीको स्थिर",काठमाडौँ — अन्तरराष्ट्रिय बजारमा सुनचाँदीको मूल्यमा सामान्य वृद्धि भएसँगै त्यसको प्रभाव स्थानीय बजारमा पनि परेको छ । बुधबारको तुलनामा आज सुन तोलामा पाँच सयले बढेको छभने चाँदीको भाउ स्थिर छ ।नेपाल सुनचाँदी व्यवसायी महासङ्घका अनुसार आज एक तोला सुनको मोल एक लाख ९३ हजार ७०० कायम भएको छभने सोही परिमाणको चाँदीको मूल्य दुई हजार ७५ निर्धारण भएको छ ।अन्तरराष्ट्रिय बजारमा आज एक औँस सुनको मूल्य तीन हजार ३८९ डलर कायम भएको अन्तरराष्ट्रिय सञ्चारमाध्यमरूले जनाएका छन् ।
नबिल बैंकको प्रमुख कार्यकारी अधिकृत (सिइओ)मा मनोज कुमार ज्ञवाली नियुक्त,"काठमाडौँ — नबिल बैंक लिमिटेडको प्रमुख कार्यकारी अधिकृत (सिइओ)मा मनोज कुमार ज्ञवाली नियुक्त भएका छन् । बिहिबार बिहान बसेकोे सञ्चालक समितिको  ६८२ औं बैठकले ज्ञवालीलाई चार वर्षका लागि प्रमुख कार्यकारी अधिकृत पदमा नियुक्त गरेको हो ।यस अघि कायममुकायम सिइओको भूमिका निर्वाह गर्दै आएका ज्ञवाली बैकिङ क्षेत्रमा स्पष्ट वक्ताका रुपमा चिनिन्छन् । उनले नेपाल राष्ट्र बैंक लगायत विभिन्न वाणिज्य बैंकको व्यवस्थापन तहमा नेतृत्वदायी भूमिकामा रही बैंकिङ क्षेत्रको अनुभव बटुलीसकेका छन् ।सीएसमेत रहेका ज्ञवालीसँग बैंकहरुको नियमनकारी निकाय नेपाल राष्ट्र बैंक, ग्लोबल आइएमई बैंक, ग्लोबल आइएमई क्यापिटल र ज्योति विकास बैंकसहित पुँजीबजार तथा बैंकिङ क्षेत्रमा २६ वर्ष लामोे अनुभव छ । ज्ञवालीको कुशल र सक्षम नेतृत्वमा आगामी दिनमा नबिल बैंक लिमिटेडले विभिन्न वित्तीय सूचकाङ्कहरूमा अग्रणी स्थान हासिल गर्दै थप उचाइ प्राप्त गर्ने आशा गरिएको छ ।त्यस्तै सोही समितीले नायब महाप्रबन्धक आदर्श बजगाँइलाई नायब प्रमुख कार्यकारी अधिकृतमा बढुवा गरेको छ भने प्रमुख कानुन विभाग भिष्म न्यौपानेलाई कम्पनी सचिवको जिम्मेवारी दिएको छ ।नबिल बैंक लिमिटेड नेपालको निजी क्षेत्रको अग्रणी बैंक हो । बैंकले जिम्मेवार संस्थाका रूपमा समग्र देश तथा समाजको विकासमा योगदान गर्न प्रतिबद्ध छ । नबिलले २४ लाखभन्दा बढी सेवाग्राहीहरूलाई देशभरिको २६८ शाखा र ३२० एटिएम मेसिनबाट सेवा प्रदान गर्दै आएको छ । नेपाली बैंकिङ क्षेत्रमा नवीनतम सेवाको सुरुवात गर्न अग्रणी भूमिका खेलेको नबिल नेपालको बैंकिङ विकासको इतिहासमा कोसेढुङ्गाको रूपमा काम गर्दै आएको छ ।"
अनौपचारिक व्यापार फस्टाउँदा राजस्व गुमाउँदै सरकार,"काठमाडौँ — उपत्यका लगायत प्रमुख सहरमा औपचारिकभन्दा अनौपचारिक दूध बढी बिक्री भएको एक अध्ययनले देखाएको छ । अनौपचारिक क्षेत्र फस्टाउँदा डेरी उद्योगलाई मार परेसँगै सरकारले पनि राजस्व गुमाएको डेरी उद्योग संघले गरेको अध्ययनले देखाएको छ ।काठमाडौं उपत्यका, विराटनगर र पोखरामा गरेको अध्ययनले यस्तो देखाएको संघका उपाध्यक्ष निरन्जन श्रेष्ठले जनाए । उपत्यकामा दिनको ४ लाख ६५ हजार लिटर, विराटनगरमा ६० हजार लिटर र पोखरामा ४० हजार लिटर दूध अनौपचारिक क्षेत्रबाट बिक्री हुने गरेको उनले बताए । तीन सहरबाट सरकारले वर्षको २ अर्ब राजस्व गुमाएको उनको दाबी छ ।उपत्यकामा दिनको २ लाख ८० हजार लिटर, पोखरामा २४ हजार लिटर र विराटनगरमा २० हजार लिटर औपचारिक क्षेत्रबाट बिक्री हुने गरेको श्रेष्ठले जनाए । किसानले उपत्यकामा ५० हजार लिटर सिधै पसल र उपभोक्तालाई बिक्री गर्छन् । यस्तो क्रम पोखरामा ८ हजार र विराटनगरमा १२ हजार लिटर बिक्री हुने गरेको उनले बताए ।‘दुग्ध क्षेत्रमा डेरी उद्योगले करिब ३० अर्ब लगानी गरेका छन् । यसबाट औपचारिक क्षेत्रले वार्षिक ३ अर्ब राजस्व बुझाउँछ । तर अनौपचारिक क्षेत्रबाट ६ अर्बको राजस्व गुमेको छ,’ श्रेष्ठले भने, ‘अनौपचारिक क्षेत्रलाई पनि औपचारिकमा ल्याउन सके डेरी उद्योगमा थप २० अर्ब लगानी बढ्छ ।’ अहिले दिनको ७२ लाख लिटर दूध उत्पादन हुन्छ, जसमध्ये ३६ लाख लिटर दूध किसानकै घरमा खपत हुने गरेको श्रेष्ठको भनाइ छ ।३६ लाख लिटर बजारमा बिक्री हुन्छ । त्यसमध्ये औपचारिक क्षेत्रबाट १२ लाख लिटर बिक्री हुन्छ । अनौपचारिक क्षेत्रबाट १८ लाख लिटर बजारमा जान्छ । किसानमार्फत सीधै ६ लाख लिटर बजारमा आपूर्ति हुने गरेको श्रेष्ठले बताए । अनौपचारिक क्षेत्रबाट बिक्री हुने दूधको गुणस्तर परीक्षण हुँदैन । प्याकेजिङ पनि हुँदैन, जसले गर्दा उपभोक्तासमेत ठगिएको जानकार बताउँछन् ।डेरी प्रोडक्टको आयात घट्दो, निर्यात बढ्दोदस वर्षमा दुग्ध पदार्थको आयात घटे पनि निर्यात भने बढेको सरकारी तथ्यांकले देखाएको छ । आर्थिक वर्ष २०७१/७२ मा २ अर्ब ९ करोडको दुग्धपदार्थ आयात भएको थिय्ो । २०८०/८१ मा आयात घटेर १ अर्ब ५० करोड पुगेको छ । निर्यातको आँकडा हेर्दा २०७१/७२ मा ४७ करोडको निर्यात भएको थियो । २०८०/८१ मा निर्यात बढेर ३ अर्ब ५३ करोडको निर्यात भएको छ ।२०७९/८० को तुलनामा निर्यात १ करोड घटे पनि दशकको तुलनामा क्रमिक सुधार देखिएको छ । ‘निर्यात अझै बढाउन सकिन्छ, त्यसका लागि लागत प्रतिलिटर ४० रुपैयाँ झार्नुपर्छ । किसानलाई गुणस्तरका आधारमा अनुदान दिनुपर्छ । दूधको उत्पादकत्वमा वृद्धि गराउनुपर्छ,’ उपाध्यक्ष श्रेष्ठले भने, ‘निजी र सरकारी संस्थानलाई समान व्यवहार गरेर धुलो दूध निर्यातका लागि सरकारले पहल गर्नुपर्छ । अनौपचारिक क्षेत्रलाई औपचारिकमा ल्याउन सके निर्यात अझै बढ्छ ।’"
"नेप्सेमा झन्डै १२ अंकको गिरावट, कारोबार रकम पनि घट्यो","काठमाडौँ — सेयर कारोबार मापक नेप्से परिसूचक बुधबार ११.९७ अंकले घटेर बन्द भएको छ । अघिल्लो दिनको तुलनामा ०.६५ प्रतिशतले घट्दा समग्र नेप्से २ हजार ६ सय ४६.९५ बिन्दुमा पुगेर बन्द भएको छ ।मंगलबार ३५ अंकले घटेर बन्द भएको नेप्सेमा बुधबार पनि दोहोरो अंकको गिरावट आएको हो । मंगलबार करिब ३६ अंकले घटेको नेप्सेमा बुधबार पनि दोहोरो अंकको गिरावट भएको हो ।खासगरी गभर्नरको नियुक्ति र त्यसलगतै जारी मौद्रिक नीतिको तेस्रो त्रैमासिक समीक्षामा सेयर धितो कर्जाको जोखिम भार १५० प्रतिशतबाट घटाएर १ सय प्रतिशत कायमलगायत व्यवस्था गरिएको थियो ।यो व्यवस्थाले लगानीकर्ताको आत्मविश्वास बढ्ने भएकाले सेयर बजारमा सकारात्मक प्रभाव पार्ने अपेक्षा गरिएको थियो । तर, त्यसको सकारात्मक असर सेयर बजारमा देखिएको छैन । मौद्रिक नीतिको समीक्षा जारी भएपछिका अधिकांश दिन नेप्से घटेको छ भने बढेको दिन पनि वृद्धिदर निकै कम छ ।बजारलाई आवश्यक अपेक्षित उत्साह अझै प्राप्त हुन नसकेकाले लगानीकर्ताले अझै लगानी विस्तारका हिम्मत गर्न नसकेको, उनीहरू पर्ख र हेरको अवस्थामा रहेको जानकारहरू बताउँछन् । बुधबार कारोबारमा आएकामध्ये ६६ कम्पनीको सेयर मूल्य बढ्यो भने १८१ वटाको घट्यो र १ वटा कम्पनीको स्थिर रह्यो ।५९ हजार १ सय ३० पटकको सेयर कारोबारमा १ करोड ३७ लाख ८२ हजार ४६८ कित्ता सेयर किनबेच भए । ती किनबेचमा ५ अर्ब १६ करोड ३३ लाख रुपैयाँ बराबरको कारोबार भएको छ । अघिल्लो दिनको तुलनामा कारोबार रकम पनि घटेको हो । मंगलबार सेयर बजारमा ६ अर्ब ६७ करोड ९५ लाख रुपैयाँ बराबरको कारोबार भएको थियो । नेप्सेसँगै कारोबार रकम पनि घट्नुले लगानीकर्तामा आत्मविश्वासमा कमी आएको पुष्टि हुने सेयर ब्रोकर बताउँछन् ।बुधबार कारोबारमा आएका १३ उपसमूहमध्ये सामूहिक लगानी कोष र व्यापारबाहेक सबैको परिसूचक घटे । सामूहिक लगानी कोष उपसमूहको परिसूचक ०.०८ र व्यापारको २१.०९ अंकले बढे । सेयर बजार बढ्न नसके पनि सेयर धितोमा कर्जा लिने प्रवृत्ति ह्वात्तै बढेको तथ्यांकले देखाएको छ ।"
जेठ पहिलो सातासम्म कर्णाली सरकारको खर्च ३५ प्रतिशत मात्र,"वीरेन्द्रनगर — जेठ पहिलो सातासम्म कर्णाली प्रदेश सरकारको खर्च ३५ प्रतिशत मात्र भएको छ । चालु आर्थिक वर्ष २०८१/८२ को साउनदेखि जेठ १० सम्म कर्णाली प्रदेशको खर्च प्रगति ३५.२८ प्रतिशत छ । गत वर्ष यो समयमा ३०.६७ प्रतिशत खर्च थियो ।सरकारले यस वर्ष ११ अर्ब ८ करोड १७ लाख ८५ हजार खर्च गरेको छ । जेठ १० सम्म कर्णाली प्रदेश सरकारको खर्च प्रगति ३५ प्रतिशत हाराहारी भएको प्रदेश कोष तथा लेखा नियन्त्रण कार्यालयका सूचना अधिकारी एवं वरिष्ठ लेखा अधिकृत दीपेन्द्र मगरातीले जनाए । कर्णालीको चालु आर्थिक वर्षको बजेट ३१ अर्ब ४१ करोड ४१ हजार थियो ।मन्त्रालयतर्फ सबैभन्दा बढी खर्च गर्ने आर्थिक मामिला तथा योजना मन्त्रालय छ । यस मन्त्रालयले ५८.५४ प्रतिशत खर्च प्रगति गरेको छ । यो मन्त्रालयको बजेट १७ करोड ५३ लाख ५५ हजार थियो । १० करोड २६ लाख ५५ हजार खर्च गरेको प्रदेश लेखा नियन्त्रण कार्यालयले जनाएको छ ।आर्थिक मामिलापछि सामाजिक विकास मन्त्रालयको खर्च प्रगति बढी छ । कुल बजेट ५ अर्ब ७१ करोड ९४ लाख ८५ हजार रहेकोमा दुई अर्ब ५४ करोड ८८ लाख ५८ हजार खर्च भएको छ । ४४.५६ प्रतिशत प्रगति मन्त्रालयको छ ।यस्तै विकास बजेट रहेको भौतिक पूर्वाधार विकास मन्त्रालयको बजेट खर्च ३० प्रतिशत छ । मुख्यमन्त्री तथा मन्त्रिपरिषद्को कार्यालयले ३६.१२ प्रतिशत खर्च गरेको छ भने आन्तरिक मामिला तथा कानुन मन्त्रालयले सबैभन्दा कम १८.८४ प्रतिशत खर्च गरेको छ ।उद्योग, पर्यटन, वन तथा वातावरण मन्त्रालयको ३६.५३ प्रतिशत, जलस्रोत तथा ऊर्जा विकास मन्त्रालयको ३२.०६ प्रतिशत, भूमि व्यवस्था, कृषि तथा सहकारी मन्त्रालयको ३६.८७ प्रतिशत खर्च भएको छ । जेठ र असारमा बढी खर्च हुने भएकाले प्रदेशको खर्च ५० देखि ६० प्रतिशतसम्म पुग्ने लेखा अधिकृत मगरातीको अनुमान छ । ‘प्रदेशको खर्चको अवस्था सन्तोषजनक नभए पनि सुधारात्मक छ । आगामी वर्षमा खर्च प्रगति बढ्ने देखिन्छ,’ उनले भने ।प्रतिपक्षी दल माओवादीले भने दिइएको बजेट पनि खर्च गर्न नसकी प्रदेश सरकारको गति सुस्त रहेको आरोप लगाएको छ । पूर्वमन्त्रीसमेत रहेका माओवादीका प्रमुख सचेतक कृष्णबहादुर जिसीले सरकारले बजेट खर्च गर्न नसकेको र योजना सम्पन्न हुन लागेका योजनामा बजेट नदिएर अलपत्र पार्ने काम गरेको दाबी गरे ।‘उपभोक्तालाई कामको जिम्मा नदिएको, समयमा ठेक्का लगाउन नसकेको र खर्च गर्ने कार्यविधि बनाउन सकेको छैन,’ उनले भने, ‘जसका कारण प्रदेश सरकारको खर्च प्रगति बढ्न सकेन । सरकारले बर्सेनि बजेट खर्च गर्न नसक्दा जनताले चाहेको विकास हुन सकेको छैन ।’ बर्सेनि खर्च गर्ने दरमा सुधार आउन नसक्नु दुःखद भएको कांग्रेसका कर्णाली प्रदेशसभा सदस्य एवं पूर्वआर्थिक मामिला तथा योजनामन्त्री वेदराज सिंहले बताए ।सरकारले खर्च मापदण्ड तथा कार्यविधि बनाउन ढिलाइ गरेकाले बजेट खर्च हुन नसकेको उनको भनाइ छ । बर्सेनि दिइएको बजेट खर्च गर्न नसक्ने अनि बजेट कम भयो भनेर बोल्नुको कुनै औचित्य नभएको उनले बताए । सरकारले खर्च मापदण्ड तथा कार्यविधि बनाएर काम गर्न सके मात्र खर्च प्रगति बढ्ने उनले जनाए ।"
करको बोझले धराशायी स्विच-सकेट उद्योग,"विराटनगर — मुलुकभर सञ्चालनमा रहेका स्विच र सकेट उत्पादन गर्ने ५० भन्दा बढी उद्योग बन्द हुने संघारमा पुगेका छन् । सरकारले तयारी वस्तुमा शून्य भन्सार (कस्टम ड्युटी) कायम राखेका कारण र कच्चापदार्थमा १५ प्रतिशत भन्सार शुल्कसहित थप १५ प्रतिशत उपभोग कर (एक्साइज ड्युटी) लगाएकाले स्वदेशी उत्पादनको लागत अत्यधिक भएको उद्योगीहरूको गुनासो छ ।उत्पादन खर्च बढ्दा बजारमा प्रतिस्पर्धा गर्न नसक्ने अवस्था आएको उनीहरूको भनाइ छ ।चीन र भारतबाट आयातित तयारी स्विच–सकेट तुलनात्मक रूपमा सस्तो पर्दै आएको उद्योगी बताउँछन् । भारतबाट वार्षिक ७ अर्ब रुपैयाँभन्दा बढी र चीनबाट ३ अर्ब रुपैयाँभन्दा बढी मूल्यका स्विच–सकेट आयात भइरहेका छन् । यही कारणले गर्दा स्वदेशी उत्पादन बजार प्रतिस्पर्धाबाट क्रमशः बाहिरिँदै गएको छ । स्वदेशमै उत्पादन गर्दा कच्चापदार्थमा ३० प्रतिशतभन्दा बढी कर तिर्नुपर्ने बाध्यता छ, जब कि तयारी सामग्री आयात गर्दा भन्सार शुल्क नै नलाग्ने व्यवस्था छ ।असमान कर संरचनाका कारण स्वदेशी उद्योगहरू बन्द हुने संकटमा परेका हुन् । ‘हालसम्म झन्डै ५० वटा उद्योग बन्द हुने स्थितिमा पुगिसकेका छन् । उत्पादन घट्दो छ, बजार गुम्दै छ र कामदारहरूलाई हटाउनुपर्ने अवस्था आउँदै छ,’ अन्नपूर्ण इलेक्ट्रिक्सका सञ्चालक तथा उद्योगी अरुण राठी भन्छन्, ‘करिब ५ हजारभन्दा बढी मजदुर र कर्मचारी बेरोजगार हुने खतरा बढेको छ ।’एकातिर सरकारले ‘नेपालमै उत्पादन गरौं’ भन्ने नारा दिन्छ, अर्कोतिर स्वदेशी उत्पादनमै बाधा पुर्‍याउने किसिमको कर संरचना बनाएको उद्योगीहरूको गुनासो छ । स्वदेशी उद्योगलाई जोगाउनुपर्ने माग राख्दै बजेट आउनुअघि नै उद्योगीहरूले अर्थमन्त्री विष्णु पौडेल र प्रधानमन्त्रीका आर्थिक सल्लाहकार युवराज खतिवडासित भेट गरीसमस्या अवगत गराएका थिए । ‘उहाँहरूले आवश्यक सुधार गर्ने आश्वासन पनि दिनुभएको थियो,’, राठी भन्छन्, ‘तर बजेटले फेरि पनि हामीलाई निराश पार्‍यो ।’"
बजेटमा समेटिएको समाजवाद !,"संवैधानिक, अन्तर्राष्ट्रिय प्रतिबद्धता तथा जनउत्तरदायित्वलाई पूरा गर्ने काममा राज्यमा उठेको वा उठ्ने राजस्व आर्जनलाई भविष्यमा कसरी खर्च गर्ने भनेर बनाइने योजना हो– बजेट । राष्ट्रिय बजेटमा राज्यले कस्तो लक्ष्य लिएको छ र त्यो लक्ष्यमा कसरी सहयोग गर्न सक्छ, सोअनुरूप प्राथमिकताहरू निर्धारण गरिनुपर्छ ।पहिलो, संविधानमा उल्लेख गरिएको घोषित लक्ष्य पूरा गर्नु सरकारको दायित्वभित्र पर्छ । दोस्रो, संयुक्त राष्ट्रसंघको दिगो विकास लक्ष्य २०३० लाई पनि केन्द्रमा राख्न जरुरी छ । तेस्रो, चुनावी घोषणापत्रअनुसार जनताका अपेक्षालाई समेट्नुपर्ने दायित्व हुन्छ ।बजेटका केही खास चरित्रहरू हुन्छन् । (१) खर्च र आयस्रोतबीच सन्तुलन मिल्नुपर्छ । यद्यपि प्राय: स्रोत हेरर बजेट बनाइँदैन । प्राथमिकता हेरेर राजस्व वा गैरराजस्व स्रोत खोज्ने आँट गरिन्छ । (२) स्रोतहरू विनियोजन गर्दा कस्तो निर्णय प्रक्रिया अवलम्बन गर्ने, कसलाई कसरी खर्च गर्ने अख्तियारी दिने ? भन्ने व्यवस्था गरिन्छ (३) सरकारसँग सरकारी ढुकुटीमा जम्मा भएको राजस्व के काममा खर्च गर्ने र के नगर्ने ? भन्ने छनोट गर्ने अधिकार सम्बन्धित सरकारमा निहित रहन्छ ।यसको अर्थ, माथि उल्लेखित प्रक्रियाहरूको निर्धारणको अधिकारदेखि कस्तो समाज निर्माण गर्ने र कुन वर्गको हातमा तालासाँचो दिने ? खासगरी सर्वाजनिक, निजी र सहकारीमध्ये कसलाई प्राथमिकतामा राखी अर्थतन्त्रलाई अगाडि बढाउने भन्ने जिम्मा सरकारमा निहित रहन्छ ।नेपालको संविधानमा ‘जनताको प्रतिस्पर्धात्मक बहुदलीय लोकतान्त्रिक शासन प्रणाली र कानुनी राज्यको अवधारणालगायतका लोकतान्त्रिक मूल्य र मान्यतामा आधारित समाजवादप्रति प्रतिबद्ध रही समृद्ध राष्ट्र निर्माण गर्ने’ भन्ने प्रस्तावनामै उल्लेख छ ।प्रस्तावनामा उल्लेखित समाजवाद नागरिकलाई अधिकार र कर्तव्यबोध गराउने शब्द मात्र होइन, आम नागरिकको जीवन पद्धतिलाई सहज र सरल बनाउने आर्थिक तथा सामाजिक क्षेत्रमा बृहत् बन्दै गएको असमानतालाई कसरी न्यून बनाउदै लैजाने भन्ने हो ।यसको एउटा आशय आम सर्वसाधारणलाई नीति निर्माणदेखि उत्पादन पद्धतिमा कसरी सक्रिय रूपमा समावेशी र सहभागी बनाउने भन्ने नै हो । संविधानले परिकल्पना गरेको समाज निर्माणमा राज्यले बनाएको आवधिक योजना, नीति कार्यक्रम तथा बजेटले त्यो उद्देश्य पूर्ति गर्न भूमिका निर्वाह गरे गरेनन् भनेर नागरिक तहमा समीक्षा हुन जरुरी हुन्छ ।नेपाल सरकार पनि संयुक्त राष्ट्रसंघको साधारणसभामा दिगो विकास लक्ष्य–२०३० निर्धारणमा सहभागी राष्ट्र हो । १७ वटा दिगो विकासका लक्ष्यका निश्चित सिद्धान्त र उद्देश्यमाथि नेपालले पनि प्रतिबद्धता जनाएको छ । तिनलाई बजेटले पनि कुनै न कुनै ढंगले समेट्नुपर्ने हुन्छ । वर्तमान बजेट विनियोजन र कार्यन्वयनले यी लक्ष्य भेट्टाउन सहयोग पुग्छ/पुग्दैन ? यसबारे चर्चा गरिनु आवश्यक छ ।आवधिक निर्वाचनको समयमा गरिएका प्रतिज्ञाहरू प्राय: निर्वाचन अवधि पूरा हुने समयसम्म जनताले बिर्सन्छन् भन्ने मान्यता नेपालका मूलधारका राजनीतिक पार्टीहरूले राख्ने गरेको भान हुन्छ । यसबारेमा बहस गर्नु एक प्रकारले निरर्थक मानिन्छ । नेपाल बहुभाषिक, बहुधार्मिक मुलुक मात्र होइन, बहुवर्गीय समाज पनि हो । देशमा आर्थिक नीतिका बारेमा समाजमा रहेका वर्गहरूबीच पारस्पारिक अन्तरविरोध रहेका छन् ।यस्तो बहुवर्गीय समाजमा सरकारले अवलम्बन गर्ने आर्थिक नीतिका विषयमा निकै गम्भीर बहस आवश्यक हुन्छ भनेर विज्ञहरूले सुझाउने गरेका छन् । खासगरी सार्वजनिक वित्तका क्षेत्रमा जुन वित्तीय नीति सरकारले अख्तियार गर्छ, त्यसले आर्थिक सवाललाई थिचोमिचो गरिहाल्छ ।किनकि सार्वजनिक नीतिले नै वस्तु तथा सेवाको मूल्य निर्धारण, भिन्नभिन्न समष्टिगत आर्थिक क्षेत्रहरूमा विनियोजन गर्ने खर्चले सम्बन्धित सेक्टरमा, उत्पादन, रोजगारी वृद्धि, तलब र ज्याला, लगानी र स्वयं बजारको भूमिकालाई लिएर बजारसँग बहस गर्छ । फिडब्याक लिन्छ र नीति निर्माण तथा कार्यान्वयनको प्राथमिकता तोक्छ (पर्सन, तोर्सटेन, गाइडो तावेलिनी (२००३), दि इकोनोमिक इफेक्ट्स अफ कन्सिच्युसन्स, दि एमआईटी प्रेस क्याम्ब्रिज) । यति बेला जुन सिद्धान्त र विचारमा टेकेर सरकारले नीति कार्यक्रम अगाडि ल्यायो र बजेट प्रस्तुत गर्‍यो, त्यसबारे चर्चा गरौँ :मेल नखाने उद्देश्यअर्थमन्त्री विष्णुप्रसाद पौडेलले बजेटको पहिलो उद्देश्य भनेर, उच्च दिगो अनि फराकिलो आर्थिक वृद्धि हासिल गरी गरिबी निवारण गर्ने बताएका छन् । बजेटले जस्लाई प्राथमिकतामा राखेको र अर्थतन्त्रको ड्राइभिङ सिटमा बसालेर आर्थिक वृद्धिको कुरा गरिरहेको छ त्यसले फराकिलो आर्थिक वृद्धिको कल्पनै गर्न सकिन्न । फराकिलो आर्थिक वृद्धि हुन कृषि, उद्योग, पर्यटन, पूर्वाधार निर्माणजस्ता नेपाली अर्थतन्त्रका विशेष आर्थिक अवयवहरूमा देखिएका संरचनागत कठिनाइलाई सम्बोधन आवश्यक हुन्छ ।(१) कृषि : यस पटक कुल गार्हस्थ्य उत्पादनमा कृषि क्षेत्रको योगदान २५.१६ प्रतिशत रहने आर्थिक सर्वेक्षणले अनुमान गरेको छ । पोहोर साल योगदान २४. ७१ प्रतिशत थियो । सन् २०२१/२२ मा गरिएको कृषि जनगणनाअनुसार कुल जनसंख्या २ करोड ९१ लाख ६० हजारमध्ये १ करोड ९४ लाख ४० हजार नेपाली कृषिमा आश्रित छन् ।तीमध्ये ४९.१ प्रतिशत पुरुष र ५०.९ प्रतिशत महिला कृषिकर्ममा जुटेका छन् । उक्त गणनाअनुसार देशभर ६२ प्रतिशत घरधुरी कृषि कर्ममा छन् । सन् २०११/१२ मा परिवारको आकार ५.४ जनाको थियो भने २०२१/२२ मा त्यो आकार ४.७ जनामा झरेको छ । यसको अर्थ हो कृषिमा लोग्ने मान्छेको बलियो पाखुरी खुम्चने क्रम जारी छ, घरमा वयोवृद्ध बाआमा र केटाकेटी छन् र महिलाले खेती धान्नुपरेको छ । यसले गर्दा जग्गा बाँझो बढ्ने क्रम जारी छ र रहनेछ ।हिमाल तथा पहाडबाट तराई तथा सहरमा बसाइँसराइ तीव्र बन्दै गएको छ । गाउँहरूबाट वैदेशिक रोजगारीमा जानेहरूले मधेश र सहरमा गक्षअनुसार बसाइँसराइका लागि अभिप्रेरित गरिरहेछन् । यस्तो एकोहोरो तराई–मधेसशको बसाइँसराइले निकट भविष्य र दीर्घकालमा के असर गर्छ ? तर सरकारको नीति कार्यक्रम र बजेट भने यो तीव्रगतिको बसाँइसराइ किन भइरहेछ भनेर सोच्न पनि तयार देखिन्न ।मूलधारका पण्डितहरू सबैभन्दा कमजोर आर्थिक वृद्धि हुने कृषिबाट मानिस पलायन हुनुपर्छ भन्ने दलिल दिन्छन् । त्यो दलिल ठीकै हो तर औद्योगिक रोजगारीका लागि तदनुरूप शिक्षा र तालिम तथा औद्योगिकीकरण तीव्र नबनाइन्जेल मानिस कसरी बाँच्छ र दिगो तथा भरपर्दो विकासमा सहभागी बन्छ ? भन्ने प्रश्नको उत्तर ओली सरकारले भूमि बैंक भनेर दिन्छ । पुरातन कृषि–संस्कृति रहन नदिनु ठीकै मानिएला । तर भूमि बैंकमार्फत गरिने कृषि जमिनको अत्यधिक व्यवासायीकरणले भृकुटी कागज कारखानाको अवस्था भोग्नु नपर्ला भन्ने छैन ।आम मानिस पैतृक सम्पत्तिबाट अलग्गिने मात्र होइन, अव्यवस्थित बसोबास र कुनै दिन जमिन नहुँदा नागरिकता प्राप्तिमा कठिनाइ पनि नहोला भन्न सकिन्न । भूमि बैंक अमेरिकामा असफल प्रणाली हो । यसबारे गम्भीर नहुनु अचम्म छ । जो बसाइँ हिँडिरहेछन्, ती गरिब, निमुखा मात्र पनि छैनन् । हिमाल–पहाडमा टिक्न किन चाहेनन्, त्यस्तो के पर्‍यो र हिँडे ? केही खोजीनीति छैन । अनि, कसको गरिबी निवारण गर्ने ? उत्पादन नगरी गरिबी निवारण हुन्छ ?‘कृषिमा आधुनिकीकरण : अर्थतन्त्रमा रूपान्तरण’ नारा लेखेका अर्थमन्त्रीले कृषि तथा पशुपन्छी मन्त्रालयमा ५७ अर्ब ४८ करोड बजेट विनियोजन गरेका छन् । यो विनियोजन गरिएको कुल बजेटको ०.२९ प्रतिशत हो । ६६.६७ प्रतिशत आश्रितका नाममा ०.२९ प्रतिशत विनियोजन (त्यो पनि कर्मचारीको तलबभत्तामा दुइतिहाइ साधारण खर्च कटाएर गरिने) लगानीले कृषिको आधुनिकीकरण र रूपान्तरण हुन्छ ?(२) उत्पादनमूलक उद्योग : अर्थमन्त्रीले उद्योग, व्यापार र लगानी प्रवर्द्धन शीर्षकमा समग्र उद्योगलाई २८ वटा बुँदा रचना गरेका छन् । व्यापार र लगानी प्रवर्द्धनलाई जोडेर समग्र उद्योग क्षेत्रको विकासलाई एउटै मालामा उन्नु बजेटको राम्रो पक्ष हो । तर नेपालमा उत्पादनमूलक उद्योग किन फस्टाइरहेका छैनन् ? त्यसमा लगानी किन जुटिरहेको छैन ? कतै हामीले औद्योगिकीकरणको परिभाषा नै गलत त बुझेका छैनौं ? लगानी भन्नासाथ वैदेशिक लगानीलाई मात्रै बुझ्नु गलत त भइरहेको छैन ? हामीकहाँ भनेजति बचत किन हुन सकिरहेको छैन ? प्राथमिक सञ्चितिमा के–कस्ता कठिनाइ छन् ?एकपछि अर्को गर्दै सबै कुरा खोल्दै जाँदा पनि भनेजस्तो लगानी रोजगारमूलक क्षेत्रमा किन हुन सकिरहेको छैन ? पण्डितहरूले फर्माएझैं कानुनी अड्चन, ट्रेड युनियन आन्दोलन, बजारको अनुकूलता, एकद्वार प्रणाली नभएकैले बाह्य लगानी नआएको हो त ? बुँदा ८३ मा उनले तुलनात्मक लाभ र प्रतिस्पर्धात्मक लाभ निर्यात रणनीतिको कुरा उठाएका छन् । तुलनात्मक लाभ र प्रतिस्पर्धात्मक लाभ लिनका लागि यो देशमा आजसम्म कुनै पहल नै गरिएको छैन ।उदाहरणका लागि चीनले अमेरिकाबाट आयात गर्ने एक नम्बर वस्तु भटमास हो भन्ने हाम्रा नीति निर्माताले पत्याउँदैनन् । दोस्रो नम्बरमा मकै हो भन्ने त झन् पत्याउने कुरै भएन । ठूलो स्केलमा उत्पादन गरेर अमेरिकासँग प्रतिस्पर्धात्मक लाभ लिन सक्छौं भन्ने कल्पनै गर्ने कुरा भएन । सबैभन्दा पहिला बुझ्नुपर्ने कुरा के हो भने, कुनै पनि वैदेशिक लगानी सम्पत्ति धेर छ, कहाँ पोखूँ भनेर आउने होइन । लगानीकर्ताले पहिला राष्ट्रिय/अन्तर्राष्ट्रिय बजार, राष्ट्रिय बचतको प्रवृत्ति हेर्छ ।स्वदेशका निजी क्षेत्रले कहाँ लगानी गरेका छन्, दक्ष र अर्धदक्ष जनशक्ति, उद्योगका लागि चाहिने पूर्वाधार र अन्तमा लगानी गर्ने देशका मानिसको उपभोग क्षमता र मानसिकता अध्ययन गर्छ । देशमा दुई दर्जन सम्भ्रान्त उद्यमी छन् । जसले मुलुकको अर्थतन्त्रमाथि लगभग कब्जा जमाएका छन् । उनीहरू नै उद्योगपति, बैंकर्स, बिमावाला, उनीहरू नै आयात–निर्यातकर्ता र निर्माण व्यवसायी छन् । सरकारले देखेका यी निजी क्षेत्र उत्पादनमूलक उद्योगमा लगानी गर्दैनन् किनकि व्यापारमा उनीहरूको एकलौटी वर्चस्व छ ।कृषिसँग जोडेर कुनै उद्यम हुन्छ भन्ने न त अर्थमन्त्रीले सोच्छन्, न त उद्यमपतिले । कृषिको आधुनिकीकरण हुँदै छ । व्यक्तिगत तवरमा वा कृषि सहकारीमार्फत जानेर नजानेर मानिसहरू टिलर (हाते ट्र्याक्टर), हार्भेस्टर, घाँस काट्ने मेसिन, काठ काट्ने आरा, पोर्टेवल धान–मकै प्रशोधन मिल आदि खरिद गरेर यी सामानको प्रयोग कृषि क्षेत्रमा बढ्दो छ । यी अधिकांश सामान चीनबाट आयात गरिन्छन् र डिजेल पेट्रोलबाट चल्छन् । बिग्रिएपछि फ्यालिन्छन् ।बिजुली चार्ज गरेर ब्याट्रीबाट पनि चलाउने मेसिनहरूको कारखाना खोल्न सकिन्छ र नाफा आर्जन गर्न सकिन्छ भन्ने सोच योजना, नीति कार्यक्रममा कतै देखिन्न । जानेमानेका वैज्ञानिक महावीर पुन र उनको समूहले कृषि औजार कारखाना चलाउन किताब बेच्नुपरेको छ । अर्थमन्त्री नवप्रवर्तनका नाममा बजेट विनियोजन गरी हिँड्छन्, उनको टिम प्राथमिकतामा पर्दैन । प्रतिस्पर्धात्मक लाभ हुन्छ कि हुन्न भनेर एक पटक अभ्याससम्म गरिहिँडे पनि हुने हो । तर त्यसो गरिन्न ।(३) पर्यटन : पर्यटन काठमाडौं, पोखरा, लुम्बिनी र सौराहाभन्दा फराकिलो हुन सकिरहेको छैन । किनकि नीति निर्मातासँग यसबारे सोच छैन । पर्यटन आम मानिससँग जोडिन्छ र जोड्न आवश्यक छ भन्ने नै महसुस नगरेपछि यसबाट मुलुकले फाइदा कसरी लिन सक्छ ? विदेशी एयरलाइन्समा भित्रिएर, विदेशी इन्टर कन्टिनेन्टल भोजन र पेय पिएर जाने पर्यटकले होटल मालिकलाई केही फाइदा पुग्ला तर समग्रमा मूल्य अभिवृद्धि हुँदैन ।(४) पूर्वाधार निर्माण : पूर्वाधार निर्माणको प्राथमिकता ठूला नेताका निर्वाचन क्षेत्रले मात्र ओगट्ने गरिन्छ । राष्ट्रिय आवश्यकतालाई ध्यान दिइन्न । उदारणकै लागि दमकमा बनेको टावर झापाकै धुलाबारीमा बनेको भए त्यसको व्यापार मूल्य अर्कै हुन्थ्यो । पूर्वाधार निर्माण कसरी गर्ने, कुन समयमा कसलाई समेट्ने भन्ने विषयमा अर्थराजनीति नकेलाउँदा निधनपछिको औषधिमूलोजस्तो हुन पुग्छ भन्ने मध्यपहाडी राजमार्गले देखाएको छ ।अन्तमा बजेटले कसलाई समेटेको र कसलाई उपेक्षा गरेको छ भन्ने निचोड निकाल्ने हो । बजेटमा स्रोत कसरी जुट्छ, जुटाइन्छ यसको रेडिमेड उत्तर दिन सकिन्छ । ४ सय २८ बुँदामा समेटिएको बजेटले पकेटका निजी क्षेत्रलाई समेटेको छ । उद्योग वाणिज्य महासंघ, सीएनआई र च्याम्बर्स अफ कमर्सका पदाधिकारीहरू सबै खुसी छन् ।किसान, मजदुर वा कामकाजी वर्गका लागि बजेट कागलाई बेल हुन पुगेको छ । सत्तारूढ र विपक्षी राजनीतिज्ञहरू बजेट प्रबन्धनबाट खुसी नै देखिएका छन् । अरू राजनीतिज्ञहरू पनि मंसिरसम्म खुसी नै रहनेछन् किनभने बजेटमा उल्लेख गरिएजस्तो राजस्व उठ्ने छैन र अधिकांश योजनाहरू पोहोर/परारजस्तै बजेट संशोधनमा काटिने वा छाँटिनेछन् । समाजवाद उन्मुखता र दिगो विकास लक्ष्य निक्कै टाढा उछिट्टिनेछ । ऋण केही खर्ब बढ्नेछ । आशा गरौं, दाताले चाहेजति ऋण प्रदान गर्नेछन् ।"
जनमत संग्रहको असान्दर्भिक वकालत,"जनताको लामो त्याग र संघर्षपछि प्राप्त लोकतान्त्रिक गणतन्त्रात्मक व्यवस्थाप्रति पछिल्लो समय पक्ष र विपक्षमा बहस भइरहेको छ । दुवै पक्षले सडकमा तमासा देखाएर जनतामा भ्रम छर्ने काम भइरहेको छन् । लोकतन्त्र विश्वमै सर्वोत्कृष्ट शासन व्यवस्था हो ।जनताको छोराछोरी जनताकै माझमा गएर जनताकै म्यान्डेट बोकेर गरिने शासन व्यवस्था जनमैत्री हुन्छ । तर, चार दशकदेखि एउटै व्यक्ति निर्वाचित भइरहँदा लोकतन्त्रप्रति नै जनता सशंकित बनिरहेका छन् । यसरी नै लोकतन्त्र चल्ने हो भने राजसंस्था र यो व्यवस्थामा के फरक रह्यो भन्ने आम बुझाइ बन्नु स्वाभाविकै हो ।लोकतन्त्र कमजोर बन्दा केही व्यक्तिले धमिलो पानीमा माछा मार्न खोज्दै छन् । र, उनीहरू जनमत संग्रहबाट राजा फर्काउने हुंकार गरिरहेका छन् । केही लोकतन्त्रवादी नेताहरू पनि राजसंस्था र हिन्दु राष्ट्रका पक्षमा जनताको म्यान्डेट लिन खोजिरहेका छन् ।तिनैमध्ये एक हुन्– नेपाली कांग्रेसका नेता डा. शेखर कोइराला । उनले हालै एक अन्तर्वार्तामा दिएको अभिव्यक्ति छ– ‘जनमत संग्रह गर्ने भए गरौं ।’ कांग्रेसको एक मुख्य नेताले नै यस्तो कुरा गरेपछि यो विषय सतहमा आएको छ । लोकतान्त्रिक संस्था र नेतृत्वप्रतिको वितृष्णा पनि चुलिँदो छ । यो कमजोरीलाई कुनै पनि राजनीतिक दलले अस्वीकार गर्नु हुन्न । सरसर्ती हेर्दा जनतामा वितृष्णा लोकतन्त्रप्रति होइन, नेताहरूको कार्यशैलीप्रतिको हो । जनता आफैं संघर्ष र बलिदानबाट प्राप्त व्यवस्थाको विपक्षमा जानै सक्दैनन् ।कांग्रेस, एमालेलगायत ठूला राजनीति दलले जनमत संग्रहले डराउनुपर्ने अवस्था छैन । जनताले फालेको व्यवस्थाका पक्षमा जनमत संग्रह गर्दा केही फरक पर्ने छैन । हुट्टियाउँले मैले आकाश थामिरहेको छु भन्ने भ्रममा रहेकाहरूले पनि आफूलाई प्रमाणित गर्न सकून् । तर, हिन्दु राज्यका पक्षमा भने जनताको आवाज बलियो छ ।जनताबाट पुनः अर्को पटक असफलताको स्वाद चाख्न हतारिइरहेका लोकतन्त्रविरोधीहरू जनमत संग्रहपछि सदाका लागि परास्त हुने शेखरको बुझाइ छ । कांग्रेसभित्रै पनि यो विषय उठ्दै आएको छ । हिन्दु राज्यको विषयलाई लिएर शेखर समूह कांग्रेसभित्र जनमत संग्रहको कुरा गर्दै आएको छ । डा. शशांक कोइरालाले पनि धर्मको विषयमा जनमत संग्रह गर्नुपर्ने वकालत गर्दै आएका छन् ।प्रश्न उठ्ला– के जनमत संग्रह उपयुक्त उपाय हो ? २०३७ वैशाख २० गते हामीले पञ्चायतसँग सरदरमा ५४/४५ को दरले जनमत संग्रह हारेको इतिहास छैन र ? जनमत संग्रह कुनै देशको एक विशेष मुद्दामा मतदानद्वारा सल्लाह वा निर्णय गरिने प्रक्रियाका रूपमा परिभाषित छ । यसलाई लोकतन्त्रमा ‘रिफेरेनडम’ र निरंकुशतामा ’प्लेबीसाइट’ भनिन्छ ।राजनीतिक इतिहासमा जनमत संग्रहलाई लामो समयदेखि जनताको प्रत्यक्ष राजनीतिक सहभागिताको उपकरणका रूपमा प्रयोग गरिएको पाइन्छ । तर, यस विधिको प्रयोग अति संवेदनशील हुन्छ । नेपालमा भएको जनमत संग्रह पनि यथास्थिति केन्द्रित थियो भनिन्छ ।पूर्वराजदूत एवं राजनीतिशास्त्रका प्राध्यापक लोकराज बरालका अनुसार ‘तुलसी गिरी जनमत संग्रहका पक्षमा थिएनन् ।’ उनले तत्कालीन समयमा भनेका थिए– ‘साधनस्रोतको मुहान सुकेको भए फरक पर्थ्यो । उनका विचारमा विरोधीले कुनै सर्त नराखेर खुला चेक (ब्ल्यांक चेक) दिएकाले जनमत उल्टो गएको हो ।’ यो डर नेपालमा विद्यमान छ । त्यसैले यस्तो जोखिमलाई बेवास्ता गर्नु हुँदैन ।जनमत संग्रहको अवधारणाले लोकतान्त्रिक सिद्धान्तभित्र एउटा अस्पष्ट स्थान ओगटेको छ । एकातिर यो प्रत्यक्ष रूपमा नागरिकलाई सशक्त बनाउने अवधारणाबाट प्रेरित छ भने अर्कोतर्फ यसले संस्थागत सुरक्षालाई असहज बनाउने र राजनीतिक स्थिरतामा जोखिम निम्त्याएको विश्वका विभिन्न उदाहरण छन् । औपनिवेशिक दक्षिण एसियामा जनमत संग्रह प्रायः पूर्वनिर्धारित परिणामलाई निष्कर्ष दिन प्रयोग गरिएको इतिहास छ ।उदाहरणका लागि बंगलादेशमा १९८२ मा एक अप्रत्याशित ‘कू’ का माध्यमबाट सत्ता लिएका लेफ्टिनेन्ट जनरल हुसेन मुहम्मद इर्सादले २१ मार्च १९८५ मा बंगलादेशमा सैन्य शासनमाथि जनमतसंग्रह गराएका थिए । जसमा लेफ्टिनेन्ट जनरल इर्सादको नेतृत्वमा सैन्य शासन जारी राख्न जनमतबाट सार्वजनिक स्वीकृति माग गरिएका थिए ।इर्सादले धाँधलीपूर्वक ९४ प्रतिशत मत प्राप्त गरे । लगत्तै बंगलादेश पुनः आन्तरिक अस्थिरता र द्वन्द्वमा होमियो । त्यसको ६ वर्षपछि संवैधानिक व्यवस्था लागू गर्न अर्को जनमत संग्रह भयो । यसले राष्ट्रपतिलाई राष्ट्रध्यक्ष बनायो । प्रधानमन्त्रीका लागि कार्यकारी प्रमुखको व्यवस्था गर्‍यो ।दक्षिण एसियाको अर्को एउटा दुर्लभ उदाहरण हो, भुटान । यसले आफ्नो नयाँ संविधानमाथि जनमत संग्रह गरेको थियो । राजसंस्था आफैंले राजाको प्रत्यक्ष शासनबाट संवैधानिक राजसंस्थासहित अग्रगामी व्यवस्थामा जनमत संग्रह गर्‍यो ।अर्को नकारात्मक उदाहरण हो, पाकिस्तान । यसले धेरै जनमत संग्रह देखेको छ । जनताको इच्छालाई प्रतिविम्बित गर्नुभन्दा अधिनायकवादी शासनलाई वैधानिक बनाउन बढी काम गरेको छ । सन् १९७८ र १९८४ को जनरल जिया–उल–हकको र सन् २००२ मा परवेज मुसर्रफको जनमत संग्रह अपारदर्शी चुनावका कारणले अलोकप्रिय थिए । चुनावी सहभागिता बढाइएको थियो र विपक्षीलाई प्रतिबन्धित गरिएको थियो ।सन् २०१४ मा स्कटल्यान्डमा स्वतन्त्रताका लागि शान्तिपूर्ण र सुव्यवस्थित जनमत संग्रहको उत्कृष्ट अभ्यास भयो । उत्तरदायी भावनाका साथ आफ्नो राष्ट्रको भविष्यका बारेमा जन–जनमा बहस पुग्यो । परिणाम स्वरूप युनाइटेड किङडममा बस्दा स्कटिस जनताको सम्मान हुने र देशको हित हुने निर्णय जनमत संग्रहबाट आयो ।२०६२/६३ पछि नेपालमा बहुभाषी र जातीय तहमा अधिकारप्राप्त समाजमा जनमत संग्रहले बहुआयामिक समस्या निम्त्याउन सक्छ । बढ्दो विदेशी प्रभावले देशको अक्षुणता प्रभावित हुनै नसक्ला भन्न सकिँदैन । जनमत संग्रह देशमा लागेको रोगको अत्यन्त संवेदनशील शल्यक्रिया हो । कुनै पनि गलत निर्णयलाई उल्ट्याउन जनमत संग्रह गराउनु हुन्न ।जनमत संग्रहलाई छोटो–छरितो उपायका रूपमा लिन हुँदैन । यसको अक्षुण आवश्यकता प्रमाणित गर्नुपर्छ । दक्षिण एसियाजस्तो अति राजनीतीकरण भएका सरकारी, निजी तथा गैरसरकारी संस्थामा के निष्पक्ष आयोग बनाउन सम्भव होला ? जनताको घर–घरमा यसको आवश्यकता पुष्टि गर्नुपर्छ । उदाहरणका लागि राजसंस्थाको विषयमा जनमतमा चाहिन्छ वा चाहिँदैन भन्ने उत्तर मात्र नभई तेस्रो उपाय पनि खुलाउनुपर्छ (जस्तै प्रत्यक्ष निर्वाचित प्रधानमन्त्री) अनि मात्र जनमतको जनताको चाहनालाई प्रतिविम्बित गर्छ ।लोकतान्त्रिक निर्वाचन प्रणाली भनेको नेतृत्व चयन मात्र नभई कस्तो प्रक्रिया र कस्ता–कस्ताका बीच प्रतिस्पर्धा भन्ने विषय धेरै सान्दर्भिक हुन्छ । किनकि जनमत संग्रहमा प्रक्रिया र प्रतिस्पर्धामा इमानदारिता भएन भने यो निष्पक्षताबिनाको सुनुवाइजस्तै हुन्छ । जोसेप सुम्पिटरदेखि हबर्माससम्मले भनेझैं ‘लोकतन्त्र मतदानको कुल संख्याको विषय मात्र नभई विचार विमर्श, तर्क, संस्थागत मध्यस्थताको विषय पनि हो । जनमत संग्रहमा पूर्ण ज्ञानको कमी र मनोभावना हाबी भएमा तर्कको हार हुन्छ । तार्किक हार भएको लोकतन्त्र अपूर्ण हुन्छ ।त्यसैले नेपालमा जनमत संग्रहको विषयलाई हल्का रूपमा राजनीतिक एजेन्डा बनाउँदा यसले प्रतिकूल व्यवस्था जन्माउने खतरा रहन्छ । त्यसो हुँदा यसमा कानुनी, दार्शनिक र राजनीतिक प्रभावको अनुमान नगरी यसमा कुनै पनि निर्णय दुर्घटना युक्त हुन जान्छ । राजनीतिक रूपमा जनमत संग्रह २०१४ को स्कटल्यान्डमा जसरी सहिष्णुता र स्थिरताको उपकरण बन्न पनि सक्छ वा पाकिस्तान र बंगालदेशजस्तो निरंकुश र अस्थिरता निम्त्याउन पनि सक्छ । नेपाल बहुजातीय, बहुभाषिक राष्ट्र हो ।बहुधार्मिक, बहुसांस्कृतिक विशेषता छन् । ०६२/६३ को जनआन्दोलनले संघीयता, धर्मनिरपेक्षता, समावेशिताजस्ता सिद्धान्त अंगीकार गर्‍यो । यस्तो संवेदनशील सामाजिक बनोट भएको मुलुकमा धर्म, राष्ट्रिय पहिचान वा राज्यको संरचनाजस्ता विषय संवेदनशील हुन् । यिनमा जनमत संग्रह गर्दा विभिन्न समुदायबीच अविश्वास बढ्न सक्छ । तनाव, द्वन्द्व उत्पन्न हुन सक्ने गम्भीर खतरा रहन्छ । सामाजिक सद्भाव खल्बलिन सक्छ । बाह्य शक्तिको चलखेलको डर पनि रहन्छ ।भूराजनीतिक स्वार्थले प्रक्रियालाई थप गिजोल्छ । जनमत संग्रह सिद्धान्तत : लोकतान्त्रिक उपकरण भए पनि लोकतन्त्रमा जसरी अलपमत वा अल्पसंख्यकको अधिकारलाई पनि सम्बोधन हुन्छ निश्चितताचाहिँ हुन्न । त्यसैले आलोचकहरूले जनमत संग्रहमा बहुमतको निरंकुशताको डर हुन्छ भन्ने व्याख्या पनि गरेको पाइन्छ । तुलसी गिरीले यसमा ‘ब्ल्यांक चेक’ को प्रयोग भएको भनेझैं यसलाई प्रभावमा पर्न भ्रमको प्रयोग भएको धेरै विश्व उदाहरणहरू पनि छन् । त्यसैले जनमत संग्रहमा विषयगत ज्ञान जनतामा हुन जरुरी छ ।जनमत संग्रह सरकार पक्ष र जनताका बीचको विवाद वा द्वन्द्व व्यवथापनको शान्तिपूर्ण उपकरण भए पनि यसको प्रयोग विधि, परिस्थिति र नियतमा निर्भर गर्दछ । यो रचनात्मक पनि हुन सक्छ, विनाशकारी पनि । नेपालजस्तो जटिल संक्रमणबाट गुज्रिरहेको राष्ट्रले सावधानी अपनाउनुपर्छ । कुनै पनि विषयमा जनमत संग्रहमा जानुपूर्व त्यसको अपरिहार्यता बुझ्नुपर्छ ।संवैधानिक कानुनी आधार हेर्नुपर्छ । सम्भावित सकारात्मक/नकारात्मक परिणामको आकलन गर्नुपर्छ । राष्ट्रिय हितमा पर्ने दूरगामी प्रभावको गहन विश्लेषण गरिनुपर्छ । यो वस्तुनिष्ठ, निष्पक्ष हुनुपर्छ राजनीतिक नेतृत्वको क्षणिक लोकप्रियता वा दबाबमा निर्णय हुनु हुँदैन ।राष्ट्रको दीर्घकालीन स्थायित्व, समृद्धि, सामाजिक सद्भावलाई केन्द्रमा राख्नुपर्छ । लोकतान्त्रिक मूल्यको सम्वर्द्धनलाई ध्यान दिनुपर्छ । लोकतन्त्रको वास्तविक सौन्दर्य निरन्तरको संवादमा छ । सहिष्णुता, विवेकपूर्ण निर्णय प्रक्रियामा यो निहित छ, आवेगपूर्ण विभाजनकारी अभ्यासमा होइन ।"
विश्वविद्यालयको स्वाभिमानमा चोट,"देशको सबैभन्दा ठूलो र धेरै विद्यार्थी अध्ययन गर्ने त्रिभुवन विश्वविद्यालय यति बेला विद्यार्थी संगठनको निसाना बन्दै गइरहेको छ । विश्वविद्यालय विद्यार्थी संगठन, प्राध्यापक तथा कर्मचारीको आन्दोलन गर्ने स्थल बन्न पुगेको छ । चाहे पदाधिकारीको नियुक्तिको विषय होस् चाहे कर्मचारीको नियुक्तिको विषय– विभिन्न संघ–संगठनको स्वार्थपूर्तिको क्षेत्र यही विश्वविद्यालय बनिरहेको छ ।स्नातक तहदेखि विद्यावारिधिसम्मका विद्यार्थीको भविष्यको रेखा कोर्ने जिम्मेवारी त्रिविले बोकेकामा कुनै सन्देह छैन । तर यति बेला यही विश्वविद्यालय सत्तापक्षकै विद्यार्थी संघ–संगठनको निसानामा पर्नु चिन्ताको विषय हो । पछिल्लो घटनाक्रम हेर्ने हो भने सत्ता पक्षकै विद्यार्थी संघ–संगठनका नेतादेखि कार्यकर्तासम्म विश्वविद्यालय तोडफोड गर्ने, आगजनी गर्ने कार्यमा निरन्तर लागिरहेका छन् ।पटक–पटक त्रिवि कार्यकारी परिषद्को बैठक बस्छ, बैठकले संलग्न व्यक्तिलाई कारबाहीको सिफारिस पनि गर्छ तर राजनीतिक पहुँचका आधारमा ती आवाजलाई दबाइन्छ । आखिर सधैं किन यस्तो हुन्छ ? यति बेला सबै सरोकारवालाको चासोको विषय यही बनेको छ ।त्रिवि किन अन्योलग्रस्त र समस्याग्रस्त बन्न पुग्यो त ? यसको उत्तर सम्बन्धित पक्षले दिनु पर्दैन ? राष्ट्रिय अन्तर्राष्ट्रिय क्षेत्रमा चर्चा कमाएको करिब ८० प्रतिशत उच्च शिक्षाको भार एक्लै बोकेर अगाडि बढेको त्रिविका उपकुलपतिले राजीनामा दिएको पनि महिनौं बितिसकेको छ । सरकारले ढिलै भए पनि उपकुलपति नियुक्तिका लागि शिक्षामन्त्रीको अध्यक्षतामा तीन सदस्यीय सिफारिस समिति गठन गरेको छ । यति ठूलो विश्वविद्यालयमा उपकुलपति निमित्त, शिक्षाध्यक्ष निमित्त बनेर कार्य गरेको पनि धेरै समय भइसकेको छ ।यतिका समय हुँदा पनि उपकुलपतिलगायत अन्य पदाधिकारी नियुक्त नहुँदासमेत सरकारी पक्ष, शैक्षिक जगत्, प्राध्यापक संगठन र विद्यार्थी संगठन मौन बस्नुले शैक्षिक जगत् आर्श्चयचकित बन्न पुगेको छ । राज्यले त्रिविजस्तो गरिमा बोकेको संस्थाको उचाइ बचाउने कोसिस र पहलकदमी किन गर्दैन हँ ?देशभर ८० प्रतिशत निजी शैक्षिक संस्थाको आबद्धता त्रिविमा पढाउने प्राध्यापकको नै छ । देशको सर्वाङ्गीण विकासका लागि उच्चस्तरीय सक्षम नीति निर्माण गर्ने व्यक्तिको पहल र प्रयत्नमा पूर्णतया नाफामूलक र व्यापारिक दृष्टिकोणबाट निजी शैक्षिक संस्था सञ्चालन गर्नु श्रमजीवी र सर्वहारा वर्गका छोराछोरीको उच्च शिक्षा सर्वसुलभ र गुणस्तरीय पाऊँ भन्ने चाहनामाथिको कुठाराघात हो कि होइन ? यसको जवाफ प्राज्ञिक तथा त्रिविका गुरुहरूले दिनुपर्छ कि पर्दैन ?यसको उत्तर विद्यार्थी संगठनहरूले खोज्नुपर्छ कि पर्दैन ?मुलुकमा त्रिविजस्तो शैक्षिक संस्था खोलिनु आफैंमा राम्रो कुरा हो । तर संस्थाका नाममा सर्वसाधारणको पहँॅचभन्दा माथि गई शिक्षालाई कमाई खाने भाँडोका रूपमा सञ्चालन गरिन्छ भने आदरणीय प्राज्ञिक व्यक्तित्व, विद्यार्थी संगठन र सम्बन्धित पक्षले प्रश्न गर्ने कि नगर्ने ?त्रिविको लोगो बेचेर निजी शैक्षिक संस्थामा व्यापारको खेती गर्ने, घाम चर्कियो भने पनि क्याम्पस नजाने, गएमा १० मिनेट ढिला पुग्ने, समयावधि नसकिंँदै १० मिनेट पहिला कक्षाकोठा छोड्ने, अध्ययन बिदा लिएर ट्युसन कोचिङ पढाउने, प्राध्यापकका नाममा राजनीति गर्ने, त्रिविको लोगो बेचेर विज्ञापनमा निजी शैक्षिक संस्थामा सजिने कार्यलाई प्राज्ञिक व्यक्तित्वहरूको विश्वविद्यालयप्रतिको सङ्कीर्ण प्राज्ञिक हेराइ भन्ने कि नभन्ने ?उपल्लो स्तरको जनशक्ति सिर्जना गर्न सफल त्रिविका प्राज्ञिक व्यक्तित्वहरूको कालीदास प्रवृत्तिका कारण त्रिवि यो अवस्थामा आइपुगेको हो भनेर सबै सरोकारवालाले भन्ने गर्छन् । विश्वविद्यालयमा पाउने सुविधा सबै लिने अनि राम्रोसँग पढाउँदै नपढाइ तलबभत्ता खाने तर विश्वविद्यालयको हितमा भन्दा आफ्नो निजी लगानीमा खोलिएका कलेजको विज्ञापन गर्ने, आफूलाई विश्वविद्यालयका प्राज्ञिक भन्ने व्यक्तित्वहरू विश्वविद्यालयको प्रतिष्ठा, गौरव, संरचनाको शैक्षिक वातावरण भत्काउन लागि परिरहेका छन् भनेर सरोकारवालाले प्रश्न गर्ने कि नगर्ने ?यतिका समयसम्म त्रिविमा पदाधिकारी नियुक्त नहुँदा न राज्यलाई चासो छ, न त प्राज्ञिक व्यक्तित्वलाई नै । न राजनीतिक दल, न त विद्यार्थी संगठनलाई नै यसबारे चिन्ता छ । त्रिविको प्रतिष्ठा र मर्यादालाई कमजोर बनाई शैक्षिक व्यापारीकरणका व्यापारीहरू लौ अब त्रिवि खत्तम भयो, यसको भविष्य छैन भनी मिडियाबाजी गरिरहेका छन् । आफूहरू नाफा घाटाको जोडघटाउ गरिरहेका छन् । अनि आफूहरूलाई उच्चकोटिको प्राज्ञिकताको कित्तामा उभ्याई राजनीतिक पार्टीका नेताहरूको घरदैलामा चहार्दै भागबन्डाको भागीदार बन्न जी–हजुरी गर्नुलाई विडम्बनासिवाय के भन्न सकिएला र ?विश्वविद्यालयलाई राजनीतिक हस्तक्षेपबाट मुक्त राख्नैपर्छ भनेर न्वारनदेखिको बल लगाई कुर्लिन पनि उनीहरू नै पछि पर्दैनन् । यति बेला सहजै अनुमान गर्न सकिन्छ त्रिवि बन्द–हडताल, तालाबन्दीको केन्द्र बनिरहेको छ, सत्ता पक्षकै बलबाट । केन्द्रीय कार्यालयमा दिनहुँ प्रहरी परिचालन हुनु विश्वविद्यालयजस्तो संवेदनशील अनि राष्ट्र विकासको मेरुदण्डका रूपमा रहेको संस्थाप्रति विश्वजगत्ले के भनिरहेको होला ? प्राज्ञिक क्षेत्रका लागि लाखौं विद्यार्थीको भविष्य बर्बाद बनाउने कुरा कुनै पनि बहानामा राम्रो मान्न सकिँदैन ।त्रिविमा केही विषयको लोगो हारालुछ हुने र केही विषयमा विद्यार्थी आकर्षण घट्ने कुरा किमार्थ उपयुक्त होइन । एउटै विश्वविद्यालय हो, कुनै विषयमा आकर्षण र कुनै विषयमा विकर्षण किन हुन पुग्यो त ? त्यसको उत्तर पनि त दिनुपर्ला नि ? स्वाभाविक रूपमा प्राज्ञिक क्षेत्र राजनीतिक हस्तक्षेपबाट मुक्त हुनैपर्छ । प्राज्ञिक स्थललाई कुनै पनि मानेमा राजनीतिक पार्टीको क्रीडास्थल बनाइनु हुँदैन ।विश्वविद्यालय योग्य, क्षमतावान्, कर्तव्यनिष्ठ र नैतिकवान् व्यक्तिहरूको साझा फूलबारी र चौतारी बन्न सक्नुपर्छ । त्यसका लागि विश्वविद्यालय सञ्चालन गर्ने जिम्मा पाएको प्राज्ञिक क्षेत्र र प्राज्ञिक मनोविज्ञान एउटै र पारदर्शी तथा इमानदार बन्नैपर्छ भने प्राध्यापकहरू पनि आफ्नो जिम्मेवारीप्रति उत्तरदायी बन्नुपर्छ । विद्यार्थी संगठन पनि संवेदनशील र जिम्मेवार बन्नैपर्छ ।यति बेला सिंगो शैक्षिक जगत्लाई एउटै चिन्ता छ– त्रिविजस्तो गरिमा बोकेको र देशविदेशले पत्याइदिएको संस्था डुब्ने त होइन ? बारम्बार तालाबन्दी, बन्द हडताल, तोडफोडबाट यसको स्वाभिमान समाप्त हुने त होइन ? आफ्नै घरमा तालाबन्दी गरेर बाहिर प्राज्ञिक उन्नयनको तर्कवितर्क गर्दै हिँड्दा विश्वविद्यालयका प्राज्ञिक व्यक्तित्व र सरोकारवालालाई गर्व गर्ने नैतिक अधिकार रहन्छ कि रहन्न ? प्रश्न सोचनीय छ ।"
माधव नेपालविरुद्ध मुद्दा : सुशासनको कोसेढुंगा कि नयाँ कोतपर्वको सुरुवात ?,"पूर्वप्रधानमन्त्री माधवकुमार नेपालविरुद्ध विशेष अदालतमा मुद्दा दर्ता भएपछि नेपालमा भ्रष्टाचारको अनुसन्धान र अभियोजनमा नयाँ अध्याय सुरु भएको छ । २०६६ सालमा प्रधानमन्त्री बनेका नेपालको नेतृत्वको मन्त्रिपरिषद्ले पतञ्जलि योगपीठलाई हदबन्दीभन्दा बढी जग्गा किन्ने सुविधा दिएकामा दुई महिनाभित्रै बेच्न पनि अनुमति दिएर भ्रष्टाचार गरेको अख्तियारको दाबी छ ।अख्तियारले विशेष अदालतमा दर्ता गरेको मुद्दा कुनै नियमित कानुनी प्रक्रिया होइन किनकि अहिलेसम्म मन्त्रिपरिषद्का निर्णयमा अख्तियारले अनुसन्धान गर्न नमिल्ने भनेर शीर्ष नेताहरूका लागि अतिरिक्त र आपरदर्शी रक्षा कबच खडा गरिएको थियो ।पूर्वप्रधानमन्त्री नेपालमाथि मुद्दा दर्ता भएपछि भने त्यो कबच निरस्त भएको छ । पतञ्जलि प्रकरणमा अनुसन्धान, अभियोजन स्वाभाविक उद्देश्यले अघि बढाइएको हो भने यो प्रकरण सुशासन र जवाफदेहितातर्फ देशकै लागि कोसेढुंगा सावित हुनेछ । तर, राजनीतिक प्रतिशोध र दाउपेचको खेल मात्र हो भने नेपालमा नयाँ युगको कोतपर्व सुरुवात भएको मान्नुपर्नेछ । जसको क्षतिको विवरण आकलन गर्न दशकौं लाग्न सक्छ ।भारतीय योग गुरु रामदेव र सहयोगी आचार्य बालकृष्णको नेतृत्वमा रहेको पतञ्जलि पुस २०६४ मा नेपालको कम्पनी रजिस्ट्रार कार्यालयमा दर्ता भएको थियो । जडीबुटी उद्योग तथा योग महाविद्यालय खोल्ने भनेर पतञ्जलिले निवेदन दिएपछि नेपाल नेतृत्वको मन्त्रिपरिषद्ले काभ्रेको बनेपामा ८ सय १५ रोपनी जग्गा हदबन्दी छुटमा खरिद गर्न १८ माघ २०६६ मा स्वीकृति दिएको थियो ।मन्त्रिपरिषद्को स्वीकृतिपछि पतञ्जलिका नाममा ५ सय ९३ रोपनी जग्गा खरिद गरिएको थियो । तर, हदबन्दी छुटमा जग्गा किन्न स्वीकृति पाएको दुई महिनामै अर्थात् ६ चैतमा उक्त जग्गा बेच्न पनि मन्त्रिपरिषद्ले नै स्वीकृति दिएको थियो ।उद्योग खोल्न भनेर हदबन्दी छुटमा किनिएको जग्गा दुई महिनाभित्रै बेच्न स्वीकृति दिने मन्त्रिपरिषद्को निर्णय कैफियतपूर्ण थियो भनेर भूमिसुधारका तत्कालीन महानिर्देशक केशरबहादुर बानियाँले लिखित असहमति राखेका थिए । यद्यपि उनलाई स्पष्टीकरण सोधेर, जिम्मेवारीबाट हटाएर यो कारोबार सम्पन्न गरिएको थियो । यसरी दुई महिनाभित्र भएको खरिद–बिक्रीको कारोबार १६ वर्षपछि भए पनि न्यायिक निरूपणको विषय बनेको छ ।मन्त्रिपरिषद्को आवरणमा अनियमितता भएको भनेर आवाज उठेको यो पहिलो प्रकरण होइन । खासगरी वाइडबडीदेखि ललिता निवाससम्मका मुद्दामा राजनीतिक नेतृत्वलाई उन्मुक्ति दिएर मन्त्री र कर्मचारीमाथि मात्र मुद्दा दर्ता गरिएको थियो । जबकि जतिसुकै ठूलो जिम्मेवारीमा बसे पनि कुनै व्यक्ति कानुनभन्दा माथि हुन सक्दैन भन्ने लोकतान्त्रिक संविधानको मर्म हो ।त्यसैले प्रधानमन्त्रीले अध्यक्षता गर्ने मन्त्रिपरिषद्का निर्णयमाथि पनि कानुनी प्रश्न उठाउन पाउनुपर्छ र निर्णय गर्ने पदाधिकारीलाई जवाफदेही बनाउनुपर्छ भनेर सडक र सदनमा लगातार आवाज उठिरहेको छ । त्यसैले त अख्तियारसम्बन्धी विधेयकमा छलफल गर्ने क्रममा संसद्को राज्य व्यवस्था समितिअन्तर्गतको उपसमितिले‘मन्त्रिपरिषद्का निर्णयमाथि पनि कानुनी परीक्षण हुन सक्ने’ व्यवस्थासहितको प्रतिवेदन तयार पारेको छ । तर, प्रमुख राजनीतिक दलका शीर्ष नेताको दबाबमा अहिले त्यो विधेयक राज्य व्यवस्था समितिमा अलपत्र परेको छ, सदनमा पठाइएको छैन । एकातिरमन्त्रिपरिषद्लाई जवाफदेही बनाउने कानुनी प्रबन्ध गर्न शीर्ष नेताहरू तयार नहुने र अर्कोतिर प्रतिपक्षी दलका नेतामाथि भने त्यस्तै सन्दर्भमा मुद्दा दर्ता हुने, यो संयोग काकताली मात्र हो कि राजनीतिक योजना भन्ने प्रश्न अहिले सान्दर्भिक भएको छ ।हुन त गलैंचा निर्यातमा योजनाबद्ध कर छलेको भनेर २०३५ सालमा पूर्वप्रधानमन्त्री तुलसी गिरीमाथि भ्रष्टाचार मुद्दा दायर भएको थियो । उक्त मुद्दाले त्यति बेला पनि तरंग ल्याएको थियो । तर उनले सर्वोच्च अदालतबाट सफाइ पाए । त्यस्तै २०६१ सालमा सत्ता हत्याएपछि राजा ज्ञानेन्द्रले पूर्वप्रधानमन्त्री शेरबहादुर देउवालाई भ्रष्टाचार आरोपमा पक्राउ गरेका थिए ।यद्यपि देउवामाथि अख्तियार अन्य कुनै संवैधानिक निकायबाट अनुसन्धान भएको होइन । राजा ज्ञानेन्द्रले तजबिजमा गठन गरेको शाही आयोगले आफैं अनुसन्धान, अभियोजन र फैसला गर्ने गैरन्यायिक शक्ति पाएको थियो, जसलाई सर्वोच्च अदालतले खारेज गरिदिएपछि यो प्रकरण कुनै संवैधानिक वा कानुनी सन्दर्भमा अनुकरणीय छैन । त्यसयताका विभिन्न भ्रष्टाचारमा प्रधानमन्त्रीको नाम जोडिए पनि कानुनी अभ्यासबाट भने उनीहरूलाई उन्मुक्ति दिने गरिएको थियो, जसको शृंखला अहिले मात्र विच्छेद भएको छ ।प्रधानमन्त्रीलाई पनि कानुनप्रति जवाफदेही बनाउने प्रचलनलाई संस्थागत बनाउन सकियो भने सुशासनमा नेपाल नयाँ युगमा प्रवेश गर्नेछ । तर, बदलाको राजनीति संस्थागत भयो भने छिमेकी पाकिस्तान र बंगलादेशको जस्तो हालत हुनेछ ।पाकिस्तानमा भ्रष्टाचार आरोपमा सन् १९९६ मा नवाज सरिफले पूर्वप्रधानमन्त्री बेनजिर भुट्टोलाई निर्वासित हुन बाध्य पारेका थिए । तर तीन वर्षपछि नवाज सरिफसमेत त्यसैगरी देश निकाला भएका थिए । एक दशकसम्म साउदीमा निर्वासित सरिफ स्वदेश फर्किएर प्रधानमन्त्री त भए, तर सन् २०१६ मा भ्रष्टाचार आरोपमा उनलाई फेरि जेल हालियो ।सरिफको दल अहिले सत्तामा फर्किएको छ तर यो बीचमा प्रधानमन्त्री बनेका इमरान खानलाई जेलमा राखिएको छ । उता बंगलादेशमा बेगम खालिदा जिया र शेख हसिनाले भ्रष्टाचार मुद्दालाई राजनीतिक हतियार बनाएर एकअर्कालाई जेल पठाउने भयानक षड्यन्त्र रचना गर्दै आएका थिए । अहिले हसिना भारत निर्वासनमा छिन् भने वेगमको दल प्रतिबन्धित छ ।पाकिस्तान र बंगलादेशका प्रधानमन्त्रीहरू जेल जाने शृंखला चले पनि ती देशमा सुशासन बलियो बनेन, बरु एकअर्काको राजनीति र सार्वजनिक जीवन सखाप पार्ने डरलाग्दो चक्रव्यूह मात्र मञ्चन भइरह्यो । नेपाली समाजले त्यस्तै आत्मघाती खेल होइन, सुशासनको व्यग्र प्रतीक्षा गरिरहेको छ । किनकि देशका लागि भ्रष्टाचारको मुद्दा सुशासनको उपक्रम हो, प्रतिशोधको औजार होइन ।पतञ्जलि प्रकरण पनि एउटा ‘केस स्टडी’ हो, जसको निष्कर्षले देशलाई सार्थक मार्गदर्शन गर्नेछ । यो समग्र प्रकरण निर्क्योल गर्न सत्ताले कालान्तरमा समेत आफ्नो निष्पक्षता सावित गर्नुपर्नेछ ।त्यस्तै पूर्वप्रधानमन्त्री माधव नेपालले पनि यो सत्ताको दुरुपयोग हो भन्ने विज्ञप्ति फ्याँकेर आफूले आफैंलाई निर्दोष सावित गर्न पाउने छैनन्, कानुनतः संसद् सदस्यबाट निलम्बित भएका उनले आफ्ना सम्पूर्ण राजनीतिक तथा सार्वजनिक जिम्मेवारीबाट अलग बसेर न्यायिक प्रक्रियालाई सहयोग गर्नुपर्छ । समाजले सबै पक्षलाई चेतनापूर्वक खबरदारी गरिरहेको छ, निष्पक्षता र स्वतन्त्रता अपेक्षा गर्ने त्यान्द्रो मात्र होइन, प्रदर्शन गर्ने अभ्यास पनि हो ।"
सरकार ! खोइ वृद्धाश्रम ?,"काठमाडौँ — मेरा एक जना बालसखाको एकाबिहानै फोन आयो । उनको बोलीमा निराशपन मिसिएको थियो । मैले सोधें, ‘किन, सन्चो छैन र ? बोली त निकै निराशलाग्दो छ त ?’ उनी भावुक बनिन्, ‘हेर न ! भएका दुवै सन्तान पनि बिदेसिए । छोरी क्यानडा र बाबु अमेरिका गएको पनि लामै समय भयो । म त कति अभागी रहेछु । यहाँ बिरामी पर्दा अस्पतालसम्म लैजाने मान्छे पनि छैनन् ।’केही दिनअघि श्रीमान् बिरामी भएको र उनलाई अस्पतालसम्म पुर्‍याउन साह्रै समस्या परेको कुरा पनि उनले सुनाइन् । बल्लतल्ल अस्पतालसम्म पुर्‍याएर छोराछोरीलाई फोन गर्दा ‘कति पैसा चाहिन्छ ममी, हामी पठाइदिन्छौं’ भन्ने कुराले उनलाई निकै गहिरो चोट पुर्‍याएको रहेछ । ‘उल्टै रिसाउँछन् भन्या । हाम्रो संसार अब यहीं बस्यो । फेरि हाम्रा बच्चाको भविष्यका लागि पनि नेपाल फर्किने कुरा नगर्नूस्,’ उनले आफ्नो दिक्दारी पोख्दै भनिन्, ‘घर किन्दाको लोन, गाडीको लोन तिर्नका लागि वर्षौं लाग्छ । अब त यताको सुविधामा बानी परिसक्यो । कहिलेकाहीँ बिरामी भइहालिन्छ त । धेरै आत्तिनुपर्ने जरुरी छैन । पेन्सन छँदै छ, नपुगेको भन्नु हामी पैसा पठाइदिइहाल्छौं पो भन्छन् त ।’आखिर जीवन के रहेछ त ! सन्तानका लागि मरिमेटियो तर जीवनको उत्तरार्द्धमा आफ्नो साथमा कोही छैन । सात समुद्रपारि अरूको देशमा आफ्नोपन, संस्कार छैन, मान्छे मेसिनजस्तै भएको छ । श्रीमान् श्रीमतीको भेट एक हप्तामा हुन्छ । एउटा जागिरमा जाँदा अर्को फर्किन्छ । तर, पनि उनीहरू त्यसैमा खुसी छन् । उनीहरूलाई यहाँ फर्किनै मन छैन । वृद्धवृद्धा बाआमासँग बस्न मन छैन ।‘मेरो पनि हालत त उही हो । भएका दुई छोरी पनि बाहिर छन्,’ मैले उनलाई ढाडस दिँदै भने, ‘तिम्रो र मेरो समस्या उस्तै छ । अब हामी बुढेसकालमा मिलेर एउटै वृद्धाश्रममा बस्नुपर्छ ।’ मलाई धेरै साथीभाइले भन्ने एउटै कुरा छ, ‘साथी तिमी त सरकारी जागिरे मान्छे, बुढेसकालमा सरकारले हेर्ला नि है ।’छोराछोरी विदेशमा भएका, गाउँको सम्पत्ति बाँझो पल्टिएको, पेन्सन र बैंकमा पैसा भएर पनि एकमुठी तातो पानी दिने मान्छे नभएकाहरूका बारेमा राज्यले सोचिदिनुपर्ने बेला आएन र ? अरू केही नभए पनि कमसे कम सुविधासम्पन्न, पहुँचयुक्त वृद्धाश्रम बनाउने भनी कानुन निर्माणका लागि अभियान चलाउने हो कि ? बरु आफ्नो भएको सम्पत्ति सरकारले नै लेओस् तर वृद्धवृद्धाका लागि उचित लालनपालन गर्ने व्यवस्था गरिदेओस् ।यो त सहरिया परिवारको कुरा भयो । गाउँलेका दुःख अझ विकराल छन् । खुसी खोज्न विदेश पसेको सन्तान ऋण तिर्नका लागि वर्षौंदेखि पसिना बगाइरहेको छ, उता खुसीको प्रतीक्षामा पाखोबारी कुरेर बाटो हेरिरहेका दूरदराजका आवाजविहीन वृद्धवृद्धाका आँखा टट्याइरहेका छन् ।ज्येष्ठ नागरिकले सम्मानित र मर्यादित जीवनका लागि कानुनबमोजिम आफ्नो हकअधिकार प्राप्त गर्न नसकेको परिणाम पनि हो यो । वैदेशिक रोजगारीकै कारण कतिपय ज्येष्ठ नागरिक एक्लो बन्दै गएको र कतिपयका आफ्ना सन्तानलाई सम्पत्ति दिँदा बिचल्ली भएको अवस्था पनि छ । ज्येष्ठ नागरिकले सम्पत्तिकै कारण सन्तानबाट दुर्व्यवहारको सिकार भइरहेका गुनासा पनि छन् । संभ्रान्त परिवारभित्रको पीडा उस्तै दर्दनाक छ । छोराछोरी व्यापार व्यवसायमा व्यस्त हुने, नाति–नातिनी अध्ययनका लागि कलेजतिर जाने । एकछिन घरमा जम्मा हुँदा सबैका हातमा विद्युतीय उपकरण हुने । ज्येष्ठ नागरिकसँग बोल्ने, मनको कुरा सुनिदिने कोही हुँदैन । एक्लोपनका कारण डिमेसिन्या, डिप्रेसनको सिकार भई आत्महत्यासमेत गरेका प्रतिनिधिमूलक घटना पत्रपत्रिकामा बग्रेल्ती देख्न सकिन्छ ।ज्येष्ठ नागरिक अनुभवका खानी, सामाजिक मूल्य मान्यता एवं विकास निर्माणका जिउँदो इतिहास हुन् । यिनीहरूलाई क्षमताका आधारमा स्थानीय सीप, प्रविधिसँग जोडेर सक्रिय बनाउनु जरुरी छ । सरोकारवाला निकायले ज्येष्ठ नागरिकको अधिकार संरक्षणको विषयमा समयमै संवेदशील भएर प्राथमिताका आधारमा आवश्यकता पहिचान गरी नीति, योजना, कार्यक्रम र बजेटले जोड्नु जरुरी छ ।केही महिनाअगाडि मेरो स्कुले साथी जो अहिले अमेरिकामा छन्, उनले आफ्नो दुःखेसो पोख्दै भनेकी थिइन्, ‘हेर् न साथी यहाँ त मलाई समय कटाउन पनि साह्रै गाह्रो छ ।’ यसो बाहिरतिर घुम्न जाऊँ भने कोही चिन्दैनन् । भाषा बुझिँदैन । कसैलाई कसैको मतलब छैन । सबैथोक नौलो छ । छोरा–बुहारी ड्युटीबाट आउँदा रात बिहानको पत्तो हुँदैन । बरु यहाँ त वरपर भए पनि आफ्नोपन छ । पर्दा जुनसुकै स्थानको भए पनि सहयोग हुन्छ । उनको अन्तिममा एउटै भनाइ थियो, ‘हामी बुढाबुढीको उचित लालनपालन र स्याहारसुसार गर्ने व्यवस्था सरकारले मिलाए त आफ्नै माटोमा फर्किएर बस्ने थियौँ । यहाँ त एक दिन पनि मलाई महिनाजस्तो लाग्न थाल्यो ।’ वास्तवमा उमेरले नेटो काटिरहेका वृद्धवृद्धाका साझा समस्या सम्बोधन गर्न अब भत्ताले मात्रै पुग्दैन, ज्येष्ठ नागरिकका लागि सरकारले अभिभावकत्व निर्वाह गर्नु पनि जरुरी छ ।नेपालमा ज्येष्ठ नागरिकको संख्या कुल जनसंख्याको १०.२१ प्रतिशत अर्थात् २९ लाख ७७ हजार ३ सय १८ छ । सामाजिक सुरक्षा भत्ता प्राप्त गर्ने सम्भाव्य उमेरको जनसंख्या ५.२३ प्रतिशत छ । अर्कोतर्फ भएका बलिया पाखुरी, प्रतिस्पर्धी दिमाग दैनिक करिव २५०० सयको हाराहारीमा बिदेसिएका छन् । सरकारले युवाहरूलाई स्वदेशमै रोजगारीको व्यवस्था गरी टिकाउन सकेन । राजनीतिक दलहरू कुर्चीकै लागि लडिरहेका छन् । देश र जनताको विषयमा सोच्ने समय कसैलाई छैन ।जनसंख्याको वार्षिक औसत वृद्धिदर ०.९२ प्रतिशत रहँदा ज्येष्ठ नागरिकको वार्षिक वृद्धिदर ३.५ प्रतिशत रहेको छ । प्रजनन दर घट्दै गइरहेको छ भने औसत आयु बढिरहेको छ । यसले निकट भविष्यमा नै नेपाल पनि वृद्ध समाजमा परिणत हुन सक्ने अवस्थालाई संकेत गर्दछ । सन्तान भएर पनि एक्लो भएका ज्येष्ठ नागरिक, असहाय, अशक्तको हकमा सुविधासम्पन्न वृद्धाश्रम दिवा सेवाको व्यवस्था गरी सम्मानति र मर्यादित रूपमा बाँच्न पाउने व्यवस्था गर्न अब ढिला भइसकेको हो कि !–आचार्य मानव अधिकार अधिकृत हुन्"
वातावरण संरक्षणमा बौद्ध दृष्टिकोण,"२१औँ शताब्दीको विश्वको सबैभन्दा ठुलो संकटमध्ये एक हो वातावरणीय विनाश । जलवायु परिवर्तन, जैविक विविधताको क्षय, वन फडानी, अनियन्त्रित औद्योगिकीकरण, प्लास्टिकजन्य वस्तुको बढ्दो प्रयोगबाट मानव अस्तित्व नै खतरामा पर्ने सम्भावनाहरू बढदै गएको छ।विकासको नाममा भइरहेको अनियन्त्रित प्राकृतिक दोहन, अति लोभ र असंयमित उपभोगको प्रवृत्तिले आज पृथ्वी गम्भीर पर्यावरणीय संकटको गर्तमा पुगेको छ।हाल देखा परिरहेका असामान्य मौसमी घटना, तापक्रममा द्रुततर वृद्धि, जैविक विविधताको क्षय आदि प्रस्टै देखिन थालेका वातावरणीय विनाशका सूचकहरू हुन् जसले जोखिमपूर्ण भविष्यको स्पष्ट संकेत गरिरहेका छन् ।सन् २०२५ मा प्रवेश गर्दै गर्दा पृथ्वीको औसत तापक्रम १.५ डिग्री सेल्सियसले बढिसकेको छ। यसको परिणामस्वरूप ध्रुवीय हिउँ पग्लनु, समुद्री सतह बढ्नु, खेतीयोग्य भूमि मरुभूमिमा परिणत हुनुजस्ता घटनाहरू देखिँदै छन्। नेपालको सन्दर्भमा असामान्य खडेरी, अत्यधिक वर्षा र बाढी पहिरोले जनधनमा विनाश ल्याइरहेको छ । वायु प्रदुषण विशेष गरी सहरहरूमा क्यान्सर सरह घातक बनिरहेको छ ।विश्व स्वास्थ्य संगठनका अनुसार प्रत्येक वर्ष ७० लाख भन्दा बढी मानिस वायु प्रदूषणजन्य रोगका कारण अकाल मृत्युवरण गरिरहेका छन् । जलस्रोतहरूमा रासायनिक मल, उद्योगबाट निस्कने फोहर एवम् प्लास्टिकजन्य वस्तुको मिसावट अर्को गम्भीर समस्या बनेको छ ।हाल समुद्रमा करिब १५ करोड टन प्लास्टिक फोहर थुप्रिइसकेको छ, जसले लाखौँ जलचरहरू मर्ने अवस्था सिर्जना गरेको छ । मानव केन्द्रित विकासप्रति बढ्दो निर्भरता र भोगवादी सोचले अन्य प्राणीहरूको अस्तित्व नै संकटमा पारिरहेको सन्दर्भमा, अब पूर्वीय धार्मिक तथा नैतिक मूल्यहरूको महत्त्व पुनः उजागर भइरहेको छ। विशेषतः बौद्ध दर्शन, ज्ञान र आचरणमा यस्ता संकटहरूको उत्तर खोज्ने सम्भावना देखिन्छ।बौद्ध शिक्षाको मूल मर्ममा वातावरणप्रतिको गहिरो संवेदना, सहअस्तित्वको चेतना र जैविक–अजैविक वस्तुहरूप्रतिको आपसी निर्भरता स्पष्ट रूपमा पाइन्छ। यद्यपि 'वातावरण' भन्ने शब्द प्रत्यक्ष प्रयोग गरिएको छैन, तर चार महाभूत- पृथ्वी, आपो, तेजो, वायो- र जीवित प्राणीबीचको अन्तरसम्बन्धमार्फत वातावरणीय सन्तुलनको महत्त्वपूर्ण व्याख्या गरिएको छ ।जब यी तत्त्वहरूको सन्तुलन बिग्रन्छ, तब रोग, दुःख र विनाश उत्पन्न हुन्छ । बौद्ध साहित्यमा मानव कर्म, लोभ, द्वेष र मोहले पृथ्वीलाई कसरी संकटमा पार्छ भन्ने विस्तृत व्याख्या पाइन्छ । यी साहित्यहरूमा पर्यावरणलाई जीव र अजीवबीचको अन्तर सम्बन्धित सहअस्तित्व को रूपमा व्याख्या गरिएको छ।मानवको चित्त, आचरण र तृष्णाले प्रकृतिको सन्तुलनमा कसरी असर गर्छ भन्ने विषयमा विस्तृत चर्चा गरिएको छ । त्यसैले बौद्ध दृष्टिकोणमा वातावरण केवल बाह्य वस्तु मात्र होइन, चित्तको प्रतिबिम्ब पनि हो।बौद्ध दर्शनमा करुणा, अहिंसा, र समभावको केन्द्रीय स्थान छ। यी मूल्यहरूले नै पर्यावरणीय संरक्षणको स्पष्ट मार्ग देखाउँछन्। यस दर्शन अनुसार करुणा भनेको केवल मानवप्रति मात्र देखाइने होइन, यो त सम्पूर्ण जीव र प्राकृतिक तत्त्वहरूप्रति देखाइने दया र सम्मानको अभ्यास हो।बौद्ध अभ्यासमा सबै प्राणीप्रति असीमित मैत्री भाव विकसित गरिन्छ जसका कारण वृक्ष, वन्यजन्तु, नदी, पर्वत आदिमा पनि करुणा र समर्पणको चेतना उत्पन्न हुन्छ। बुद्धका अघिल्लो जन्मको वर्णन गर्ने जातक कथाहरूमा बोधिसत्त्वको वातावरणप्रतिको करुणा र समर्पण भाव अत्यन्त स्पष्ट रूपले देखाइएको छ । यस प्रकार बौद्ध दर्शनका आधारमा हामीले बुझ्नु पर्दछ कि वातावरणीय संरक्षण केवल वैज्ञानिक वा राजनीतिक मुद्दा मात्र होइन, यो नैतिक, आध्यात्मिक र मानवीय कर्तव्य पनि हो।बौद्ध दर्शन अन्तर्गत प्रतीत्यसमुत्पाद सिद्धान्तले जैविक एवम् अजैविक वस्तुहरुबिचको कुशल तथा अकुशल अन्तरसम्बन्धको आधारमा पर्यावरणको चर्चा गर्दछ । यस सिद्धान्त अनुसार सबै वस्तु र प्राणीहरू परस्पर आश्रित छन् जसलाई यो हुँदा त्यो हुन्छ, यो नहुँदा त्यो हुँदैन भन्ने सूत्रमा संक्षेप गर्न सकिन्छ।यस सिद्धान्तका अनुसार अज्ञान र अतिसय लोभ (तृष्णा) को कारण व्यक्तिले आफू प्रकृतिको अन्योन्याश्रित अंश भएको तथ्य भुल्दछ र प्रकृतिको विनाशका निम्ति उद्यत हुन्छ । त्यसकारण बौद्ध दर्शनको अन्तर निर्भरता को शिक्षाले वातावरण संरक्षणलाई एक नैतिक, आध्यात्मिक र व्यवहारिक उत्तरदायित्वको अर्थमा बुझाउँछ। जब हामी बुझ्छौँ कि हाम्रै सास र जीवन प्रकृतिमा आश्रित छ, तब प्रकृतिप्रतिको व्यवहार पनि परिवर्तन हुन्छ। यही चेतना नै वातावरणीय संकटको दिगो समाधानतर्फको पहिलो पाइला हो।विभिन्न बौद्ध राष्ट्रहरूले सम्यक आजीविका, करुणा, अहिंसा, पर्यावरणीय सहिष्णुता एवम् प्रतित्य समुत्पाद जस्ता सिद्धान्तहरूलाई अपनाएर वातावरण संरक्षणमा प्रशंसनीय उदाहरण प्रस्तुत गरेका छन्। थाइल्याण्डको वन अभिषेक अभियानमा रुखहरूलाई भिक्षुहरूझैँ गेरुवा वस्त्रमा अभिषेक गरेर जीवित प्राणीको सम्मान दिइन्छ। थाइल्याण्डस्थित अग्रभिक्षु फ्रा प्राचक खुत्तजित्तोको अगुवाइमा सन् १९९० को दशकबाट यो परम्पराको सुरुवात भएको हो ।यो अभियानले धार्मिक भावनालाई वातावरण संरक्षणमा जोडेर गहिरो प्रभाव पारेको छ। सन् २०१५ मा अर्का भिक्षु फ्राजेक फोमेटोले प्रस्ताव गरेको इको टेम्पल अवधारणामा प्लास्टिक फोहोरबाट मन्दिर निर्माण गरिन्छ र वन संरक्षणलाई धार्मिक अभ्यासको रूपमा अंगालिन्छ।त्यस्तै, श्रीलङ्काको स्यान्डलवुड बोधिसत्त्व अभियानले युवा बौद्ध भिक्षुहरूको सहभागितामा वृक्षारोपण, जैविक विविधताको संरक्षण र पर्यावरणीय चेतनालाई बौद्ध चर्याको रूपमा सन् २०१० बाट अघि बढाएको छ। भुटानले अपनाएको ग्रस नेशनल ह्याप्पिनेस- राष्ट्रिय समृद्धिको सट्टा राष्ट्रिय खुसी- जस्तो अवधारणा वातावरणीय सन्तुलन र बौद्ध मूल्यहरूमा आधारित सफल प्रयोग हो, जसबाट नेपालले पनि पाठ सिक्न सक्छ।विश्व वातावरण दिवस २०२५ ले हामीलाई पुनः स्मरण गराएको छ- प्रकृति कुनै साधन होइन, यो त जीवनकै आधार हो। आज देखिएका सबै संकटहरूको मूल कारण मानव चित्तको असन्तुलन हो। बौद्ध शिक्षाले चित्तलाई शुद्ध, सजग र करुणामय बनाउने मार्ग देखाउँछ। यदि हामीले चित्त, चेतना र चर्या तीनवटैलाई परिवर्तन गर्न सकेनौँ भने, केवल नाराले मात्र वातावरण जोगिँदैन।अतः वातावरण संरक्षणको सन्देश नारा आधारित होइन, चेतना आधारित हुनुपर्छ। नारा यति मात्र होस्- 'सजग बनौँ, सहअस्तित्व अपनाऔँ, करुणालाई व्यवहारमा उतारौँ। यही हाम्रो साँचो धर्म हो, यही नै हाम्रो साझा भविष्य।'"
प्लास्टिक प्रदूषणविरुद्ध विश्व आवाज,"अन्य वस्तुको तुलनामा प्लास्टिकजन्य सामान बहुउपयोगी, सस्तो, सजिलो र हलुंगो मानिन्छन् । यसबाट बनेका झोलालगायत वस्तु सानो आकारमा पट्याएर राख्न मिल्ने, उत्पादन, भण्डारण तथा ओसारपसार गर्न पनि निकै सजिलो हुनाले त्यसको माग पनि अत्यधिक छ । अहिले प्लास्टिकका सामानबिना जीवन नै चल्दैन कि भनेजस्तो पनि भइरहेको छ ।सन् २०२२ मा गरिएको एक अध्ययनअनुसार विश्वमा वार्षिक ४० करोड टन प्लास्टिक र झन्डै २७ करोड टन प्लास्टिकजन्य फोहर उत्पादन हुन्छ । सबैभन्दा बढी प्लास्टिक र प्लास्टिकजन्य फोहर उत्पादन गर्ने देशमा चीनपछि दक्षिण एसियाका मुलुक, त्यसपछि अमेरिका र युरोपियन मुलुक रहेका छन् ।विश्वभरि नै यसको व्यवस्थापन अहिले ठूलो चुनौतीको विषय बनेको छ । प्लास्टिकजन्य फोहरको ठूलो हिस्सा सार्वजनिक स्थल, खोलानाला हुँदै समुद्र, ल्यान्डफिल साइट र खुला वातावरणमा यत्रतत्र रूपमा मिल्काइरहेको अवस्था छ, जसले मानव स्वास्थ्यलाई समेत प्रतिकूल असर पारिरहेको छ ।नेपाल आफैंले प्लास्टिक उत्पादनार्थ कच्चा पदार्थ उत्पादन नगरे पनि अन्य मुलुकबाट आयात गर्ने गरेको छ । सन् २०२१–२०२२ को तथ्यांक हेर्ने हो भने नेपालले अन्य मुलुकबाट ३ लाख ८० हजार टन प्लास्टिकका कच्चा पदार्थ र प्लास्टिकलगायत सामान आयात गरेको देखिन्छ । यही वर्ष २०.७ किलो टन प्लास्टिकजन्य फोहर उत्पादन गरेको छ ।त्यसैगरी करिब १ सय ६५ हजार टन जति पुनः प्रयोग गरी आफैंले प्लास्टिकका नयाँ सामग्री पनि निर्माण गरेको छ । एक तथ्यांकअनुसार नेपालले अक्टोबर २०२३ देखि सेप्टेम्बर २०२४ सालसम्म प्लास्टिकजन्य सामान खरिद बढाएको छ । अघिल्लो वर्षको तुलनामा यस वर्ष झन्डै २१ प्रतिशतले यसको वृद्धि भएको देखिन्छ । आगामी वर्षमा यसको मात्रा अझै बढ्ने संकेतहरू देखिँदै छन् ।यसरी प्लास्टिकको व्यापार व्यवसाय बढ्दै जाँदा यसले केही रोजगारी पनि सिर्जना गरेको छ तर समग्रमा हामीले आयात गरेको प्लास्टिक एक पटक प्रयोग गरी मिल्काउनुपर्ने खाले छन् । यसले गर्दा प्लास्टिकजन्य फोहर अत्यधिक मात्रामा उत्पादन भइरहेको छ ।त्यसको प्रशोधन गर्ने उचित पूर्वाधारको कमी, लगानीमैत्री वातावरण नहुनु र मानिसमा पनि जनचेतनाको कमीले गर्दा धेरै मात्रामा फोहरजन्य प्लास्टिक जथाभावी जलाउने, गाड्ने, ढल, नदी, खोला, ताल आदि पानीको मुहानमा फाल्ने र त्यहाँ जम्मा हुने हुँदा समय–समयमा ढल जाम हुने र सहरमा बाढीका साथै त्यसले अत्यधिक मात्रामा प्रदूषण बढाइरहेको छ ।यस वर्षको विश्व वातावरण दिवस ५ जुन २०२५ अर्थात् आजकै दिन ‘प्लास्टिक प्रदूषणविरुद्ध लागौं’ भन्ने नाराका साथ मनाइँदै छ । प्लास्टिक प्रदूषणले विश्वलाई नै आक्रान्त बनाइरहेकाले विश्व समुदायलाई यस वर्ष प्लास्टिक प्रदूषणविरुद्ध एकजुट हुन आग्रह गरिएको हो ।१६ जुन १९७२ देखि संयुक्त राष्ट्रसंघले विश्व वातावरण सम्मेलनको आयोजना गर्दै आइरहेको छ । वातावरण संरक्षणका लागि विश्वभर राजनीतिक र सामाजिक जनचेतना जगाउनुपर्ने अन्तर्राष्ट्रिय ऐक्यबद्धताअनुसार यो दिवसलाई संस्थागत गर्न ५ जुन १९७३ बाट विश्वमा एकसाथ मनाउन लागिएको हो । नेपालले पनि यसै दिन यो दिवस मनाउँदै आइरहेको छ ।नेपालमा प्लास्टिकजन्य फोहर उत्पादन र यसको प्रभावका बारेमा विस्तृत तथ्यांक र अनुसन्धानको अभाव छ । साथै एक पटक प्रयोग हुने प्लास्टिकको झोला र अन्य वस्तुको व्यापक प्रयोगले एक त फोहर उत्पादन वृद्धि भइरहेको छ भने त्यसको व्यवस्थापनको कठिनाइ, व्यवस्थापनका लागि आवश्यक पूर्वाधारको कमी, ज्ञानको अपुगले सहरी क्षेत्रमा यत्रतत्र फालेको, उडाएर ल्याएको, माटो वा जमिनमा गाडेको वा नाली, खोलाहरूले बगाइलाने र अन्तिममा गएर समुद्रमा गई पानीमा बस्ने जीवहरूले खाएर कत्ति त त्यही प्लास्टिक घाँटीमा अड्केर मृत्युसमेत हुने गरेका छन् । यी र यस्ता क्षति कम गर्नका लागि नेपालले पनि गर्न सकिने प्रयास अहिले तुरुन्तै थालनी गर्नुको विकल्प छैन ।यसका लागि सर्वप्रथम नेपाल सरकार, प्रदेश तथा स्थानीय तहहरूले एक पटक मात्रै प्रयोग हुने प्लास्टिकका सामग्रीको उत्पादन, बिक्रीवितरण, भण्डारण तथा ओसारपसारमा रोक लगाउनुपर्छ । यसका साथै रि–साइक्लिङमा जाने प्लास्टिकको मात्रै प्रयोग गर्ने र उत्पादन गर्ने नियम नै लागू गर्ने ताकि हानिकारक खालको प्लास्टिक प्रयोगमा बन्देज लगाउन सजिलो होस् भन्नेतर्फ पनि ध्यान दिनु जरुरी छ ।पुनः प्रयोग गर्न नमिल्ने र नसकिने वस्तुहरू तथा कच्चा पदार्थको आयात नै बन्द गर्नुपर्ने हुन्छ । यदि आयात गरेको खण्डमा आयात गरेको कम्पनीले नै त्यसको तथ्यांक राखी व्यवस्थापन गरेको सुपरिवेक्षण गरी नियन्त्रित गर्नुपर्नेछ । प्लास्टिकजन्य फोहरलाई सफा र सुरक्षित तरिकाले संकलन गर्ने, त्यसरी संकलित भएको फोहरबाट प्रदूषण र चुहावट नहुने गरी सुरक्षितसाथ प्रशोधन केन्द्रसम्म ढुवानी गर्ने व्यवस्था गर्नुपर्छ ।विभिन्न खालको प्लास्टिकको वर्गीकरण, भण्डारण र प्रशोधन गर्ने कामलाई प्रोत्साहन गर्ने, पूर्वाधार विकास र व्यवस्थापनका लागि आवश्यक लगानीमैत्री सहयोग गर्ने वातावरण बनाउन पनि अब ढिला गर्नु हुँदैन । प्लास्टिक संकलन तथा प्रशोधनका लागि कार्यरत व्यवसाय, कम्पनी तथा कामदारहरूको सीप र ज्ञानका लागि आवश्यक तालिम प्रदान गर्नुका साथै हौसला प्रदान गर्ने, करमा सहुलियत दिने काम सरकारका तर्फबाट गर्नु जरुरी छ ।प्लास्टिक कम्पनी तथा यससँग सम्बन्धित व्यवसाय गर्दा वातावरणमा प्रभाव कम गर्ने प्रयास, सामाजिक उत्तरदायित्व वहन गरेको, सुशासन कायम गरेको मूल्यांकन गरी सहुलियत तथा प्रोत्साहन गर्नुपर्छ । प्लास्टिक फोहर व्यवस्थापन निर्देशिका तयार गरी लागू गर्न पनि अब जरुरी भइसकेको छ ।–महर्जन एकीकृत सहरी विकास केन्द्रका कार्यकारी निर्देशक हुन् ।"
नागरिकता पाउन कहिलेसम्म संघर्ष ?,"आफ्नै देशभित्र अनागरिक भएकाहरूको दुःखको फेहरिस्त केलाउने हो भने धेरै दर्दनाक कथाहरू भेटिन्छन् । तिनै कथामध्येकी एक ‘केस स्टडी’ हुन्– सुर्जा देउवा । बाजुरामा जन्मिएकी उनी १२ वर्षको उमेरमा जनयुद्धमा होमिएकी थिइन् । गाउँका १० जनासँगै युद्धमा होमिएकामा ५ जना त सहिद नै भए । भाग्यले उनी बाँचिन् ।समय क्रममा सुर्जा गिरीले कृष्ण देउवासँग ‘पार्टी विवाह’ गरिन् । तर, जात व्यवस्थामा जकडिएको माइती पक्षले उनको विवाहलाई स्विकारेन । १६–१७ वर्षदेखि उनले माइती घरमा पाइला टेक्न पाएकी छैनन् । कलिलै उमेरमा दुई सन्तानकी आमा बनेकी सुर्जाका श्रीमान् मलेसिया गएको ११ वर्ष भयो । अहिले उनी न सम्पर्कमा आएका छन्, न त जिउँदो–मर्दो नै थाहा छ ।१६ वर्षको उमेरमा विवाह गरेकी सुर्जाले विवाह दर्ता र सामाजिक स्वीकृति नपाउँदा ३३ वर्षको उमेरसम्म नेपाली नागरिक भएको परिचय पाउनका लागि गरेको संघर्ष ज्यादै दर्दनाक छ । एक थान त्यही नागरिकता पाउनु नै अहिले उनका लागि लोकतान्त्रिक गणतन्त्रको सबैभन्दा ठूलो उपलब्धि भएको छ ।के यत्तिका लागि सुर्जाले ज्यानको बाजी थापेर जनयुद्ध लडेकी थिइन् त ? सुर्जाजस्ता परिवर्तनको शंखघोष गरेर हिँडेका अन्य हजारौं लडाकुको नियति अहिले कस्तो होला ? ती योद्धाकै काँधमा बन्दुक राखेर यो परिवर्तन सम्भव बनाएको नेतृत्वले यसबारेमा कहिले सोच्ने होला ? अहिलेको यक्ष प्रश्न हो यो ।वास्तवमा सुर्जाहरूले ज्यानको बाजी थापेर लडेको लडाइँ सानोतिनो थिएन । मृत्युलाई हत्केलामा राखेर लडेकै कारण अहिलेको लोकतान्त्रिक गणतन्त्र सम्भव बनाएका सुर्जाहरूले एक थान नागरिकताका लागि लडेको युद्ध बन्दुक बोकेर हिँड्दाभन्दा भयंकर छ ।सुर्जाहरूले किशोर उमेरमै काँधमा थ्री नट थ्री राइफल, कम्मरमा माइन र हातमा ग्रिनेट बोकेर अहिले हामीले वैशाख ११ मा मनाइरहेको वैभवशाली लोकतन्त्र दिवसको जग बसाल्न हरसम्भव कोसिस गरेका थिए । पलपल मृत्युको सन्त्रास बोकेर अहिले हामीले मनाइरहेको जेठ १५ को गणतन्त्र दिवसको पहेली तय गरेका थिए । तर यी सुर्जाहरूको योगदानको बही खाता तयार गर्न लोकतन्त्र र गणतन्त्रको ठेक्का लिनेहरू तयार छन् त ? अहिलेको अर्को प्रश्न यो पनि छ ।जनयुद्धका क्रममा सुर्जाजस्ता हजारौंको जीवनमा प्राप्ति गर्नुपर्ने केही चीज थिएन । सिर्फ थियो त लोकतान्त्रिक गणतन्त्र । त्यही सपना प्राप्तिका लागि युद्ध मैदानमा होमिएका हजारौं योद्धाबीच सुर्जाको भेट भएको थियो, सहयात्री कृष्ण देउवासँग । युद्धका क्रममा सहयात्री बनेका सुर्जा र कृष्णबीच पार्टी नेतृत्वले ‘जनवादी विवाह’ गरिदियो । तर जनवादी विवाह गराइदिएको नेतृत्व अहिले कहाँ छ ? मलेसियामा बेपत्ता कृष्ण र कुखुरा फार्ममा काम गरिरहेकी सुर्जाले सोधिरहेको प्रश्न अहिले यही हो ।जनयुद्ध सकिएपछि देश नयाँ शासकीय व्यवस्थामा गयो । देशमा भएको बेथिति, विसंगति, अन्याय, अत्याचारका विरुद्ध बोल्नुपर्छ भन्ने सोच जनतामा हाबी भयो । सुर्जा र कृष्णले अढाई–अढाई लाख पाए । राज्यले दिएको अढाई लाख अनुदानले सुर्जा र कृष्णको बलिदानको मूल्य तिर्न सक्थ्यो त ! अढाई लाख अनुदानले भविष्य नै गुमराहमा पारिसकेका उनीहरूको जीवन कहाँ सुलभ हुन्थ्यो र ! फलस्वरूप राज्यले दिएको अनुदान सकियो । बालबच्चा पाल्नुपर्ने विवशता र कर्तव्य निर्वाह गर्नुपर्ने बाध्यतामा कृष्ण विदेश पलायन भए । तर, विदेश गएका कृष्ण सम्पर्कविहीन भए ।कुनै समय काँधमा बन्दुक र हातमा ग्रिनेट बोकेर हिँडेकी सुर्जा अहिले कोखिलामा घाँस र दाउरा च्यापेर हिँडिरहेकी छन् । यो उनको जीवनको तीतो सत्य हो । एउटा नागरिक भएको परिचय पाउनकै लागि उनले लडेको अर्को जनयुद्धको कारक को हो ? सायद उनकै नेतृत्व हो । तर, सँगै अर्को प्रश्न उब्जिन्छ, यो देशको नागरिक हुन सक्षम व्यक्ति को हो त ? त्यसको हिसाब यो व्यवस्थाले गर्छ कि आममानिसको चेतनाले ?२०७४ सालको स्थानीय निर्वाचनमा उनको पालिका पुनर्वास नगरपालिका–९ मा माओवादी केन्द्र विजयी भएको थियो । आफ्नो पार्टी विजयी हुँदा पनि सुर्जाले नागरिकता पाउन सकिनन् । यसको एकै कारण थियो, उनलाई गाउँलेले स्विकारेका थिएनन् ।कृष्णका दाजु–भाउजूले पनि साथ दिएका थिएनन् । सन्तानहरू हुर्कंदै थिए । सयौं पटक वडा कार्यालय धाइन् तर कहिले विवाह दर्ता भएन, कहिले के भएन भनेर उनलाई नागरिकता नदिएर प्रशासनले हेलाहोचो गरिरह्यो । जबकि एउटा नागरिकको हिसाबले नागरिकता पाउनका लागि उनका दुई सन्तान नै काफी थिएनन् र !उक्त वडामा २०७९ को स्थानीय तह निर्वाचनमा पनि माओवादी केन्द्र नै विजयी भयो । स्थानीय सरकारमा मात्रै होइन, यो देशको प्रधानमन्त्री नै ‘सुर्जाका सुप्रिमो’ अर्थात् पुष्पकमल दाहाल बने । सुर्जाको अनवरत लडाइँ देखेपछि गाउँलेले पनि सुर्जासँग हार खाए । नागरिकता बनाइदिन पर्‍यो भनेर वडालाई दबाब दिए ।यत्तिकैमा गाउँलेले सुर्जालाई माओवादी केन्द्रको नगरस्तरीय बैठकमा आएर आफ्ना कुरा राख्न भन्यो । उनले रोस्ट्रममा उभिएर आँखाभरि आँसु झार्दै आफ्नो कथा सुनाइन् । बैठकमा सुर्जाका जेठाजु पनि उपस्थित थिए । सुर्जाको परिचय खुल्दै जाँदा पार्टीले उनका जेठाजु र वडाध्यक्षलाई स्पष्टीकरण सोध्यो । त्यसपछि उनीहरू नागरिकता बनाइदिन तयार भए । छरछिमेकको रोहवरमा कृष्णसँग सुर्जाको विवाह भएको पुष्टि गरिदिएसँगै उनले नेपाली नागरिकता पाइन् ।इतिहास भन्छ– क्रान्ति सजिलो छैन । सुर्जा र कृष्णको संघर्षले भन्छ– जति नै ठूलो क्रान्ति गरे पनि भुइँमान्छेको जीवनमा केही बदलाव आउँदैन । वास्तवमा एउटा नागरिकताका लागि सुर्जाले गरेको संघर्ष कम पीडादायी र दर्दनाक छैन । यस्ता कति सुर्जाहरू होलान्, जसले अहिले पनि अनागरिक भएर जीवन बिताइरहेका छन् र नेतृत्वप्रति सोधिरहेका छन्, ‘नेपाली नागरिक भएको परिचय पाउनकै लागि अझै कति संघर्ष गर्नुपर्ने हो ?’"
भुइँमान्छे बिर्सिएको बजेट,"मुलुकको विकास, आर्थिक समृद्धि, उत्पादन वृद्धि, रोजगारी सिर्जना, भ्रष्टाचार नियन्त्रण र सुशासनजस्ता विषयहरूको सम्बोधन हुने जनमुखी बजेट जनताको अपेक्षा थियो । तर आर्थिक वर्ष २०८२/०८३ मा सरकारले ल्याएको बजेटले त्यस्तो अनुभूति दिन सकेन ।बजेट अर्थ राजनीतिक दस्ताबेज हो, जनतालाई डेलिभरी दिने अन्तिम औजार हो । तर बजेटले ‘पोलिसी डिपार्चर’ गर्न सकेन । बजेटमा व्यक्त प्रतिबद्धताहरू पूरा गर्ने ठोस आधारहरू छैनन् । ‘भिजिनरी’ हुनुपर्ने बजेट ‘रियाक्टिभ’ भयो । कमजोर जगमा उभिएको यो बजेटले जनतालाई आशा, भरोसा र समृद्धिको मार्गचित्र दिन सक्दैन भन्ने देखिएको छ ।सरकारले ६ खर्बको घाटा बजेट ल्याएको छ । चालु बजेट शतप्रतिशत खर्च हुने, पुँजीगत खर्चमा सुस्तता हुँदा मुद्रास्फीति बढ्ने र आन्तरिक ऋणको अंश बढ्दा एकातिर जनतालाई बढी करको भार बढ्ने अर्कातिर राज्यको ऋणको भारसमेत उच्च भएर समष्टिगत आर्थिक स्थायित्वमा चुनौती आउने देखिन्छ ।सेवा प्रवाह, सुशासन र भ्रष्टाचार नियन्त्रण प्राथमिकताको अन्तिममा छ । यति बेला चरम भ्रष्टाचार, अनियमितता, बेथिति, ढिलासुस्ती, कमिसनतन्त्र मौलाएको छ । भ्रष्टाचार नगर्ने र गर्न नदिने कुरा भाषणमा सीमित भयो । कुशासनको जाँतोले जनता थिचिएका छन् । तर भ्रष्टाचार नियन्त्रण र सुशासनका ठोस कार्यक्रम बजेटमा आएन ।यो बजेट संविधानले लिएको मूल लक्ष्य तथा उद्देश्यबाट विचलित देखिन्छ । बजेटको मुख्य प्राथमिकता गणतन्त्रको अनुभूति दिने र समाजवादका आधार निर्माण गर्ने हुनुपर्थ्यो । तर गणतन्त्रको संवर्द्धन र समाजवादको तयारीका लागि कुनै सोच, लक्ष्य, प्रतिबद्धता र त्यसअनुसारका कार्यक्रम आउन सकेनन् । सार्वजनिक क्षेत्रलाई प्राथमिकता दिनुपर्नेमा सार्वजनिक/सरकारी क्षेत्रलाई संकुचन गरेर निजी क्षेत्रलाई अन्धाधुन्ध बढावा दिइएको छ ।उत्पादन र रोजगारी बढाउने प्रस्ट कार्यक्रम छैन । समाजवादतर्फ जाने हो भने स्रोतको न्यायिक वितरणमा ध्यान दिनुपर्छ । शिक्षा, स्वास्थ्य, रोजगारी, बुढ्यौली र बालबालिकाजस्ता क्षेत्रमा राज्यको हस्तक्षेप तथा काम गर्न सक्नेलाई काम र नसक्नेलाई सामाजिक सुरक्षाको सुनिश्चितता हुनुपर्छ । लैंगिक उत्तरदायी र बालबालिकामैत्री बजेट आउनुपर्छ ।शिक्षा, स्वास्थ्यमा बजेट अनिवार्य रूपमा बढ्नुपर्ने, बढाइएन । एकातिर निजीकरणले शिक्षा महँगो भयो, आम जनताको पहुँचबाट टाढा भयो, अर्कोतिर सामुदायिक शिक्षाको गुणस्तर बढाउनेमा सरकारको प्राथमिकता भएन । शिक्षामा विनियोजित कुल बजेटमध्ये ७० प्रतिशत व्यावसायिक/प्राविधिक शिक्षामा लगाउनुपर्नेमा त्यसो भएको छैन । शिक्षा परम्परागत सोचबाट प्रभावित छ ।समयको मागअनुसारको मानव संसाधन विकास गर्ने दृष्टि नै भएन । एआईलगायत नयाँ प्रविधिको विकासले आर्थिक क्रियाकलापमा तीव्रता ल्याउँछ, बजार प्रतिस्पर्धात्मक बनाउँछ । स्वास्थ्य क्षेत्रमा माफियाकरण छ । महँगो स्वास्थ्य सेवा जो सर्वसाधारण जनताका लागि आकाशको फलजस्तो हुन पुगेको छ । यसर्थ बजेटले समाजवादको दर्शन बिर्सेको छ, बाटो भुलेको छ ।यति बेला देशको मूल समस्या बेरोजगारी हो । समाजवादका कुरा गर्नु रोजगारीका कुरा नगर्नु ‘कुराले चिउरा भिज्दैन’ भनेजस्तै हो । उत्पादन र उत्पादकत्व वृद्धि, रोजगारी सिर्जना, राष्ट्रिय पुँजीको विकास तथा दलाल पुँजीवादको सिकन्जाबाट मुक्त स्वतन्त्र राष्ट्रिय आत्मनिर्भर अर्थतन्त्रको विकास गर्दै देशलाई समृद्धि र समाजवादतर्फ अघि बढाउने अहिलेको मूल राजनीतिक कार्यदिशा हो । त्यसबारे बजेटमा ठोस प्रतिबद्धता र कार्यक्रम छैन ।बेरोजगारीका कारण लाखौं बौद्धिक र ऊर्जाशील जनशक्ति विदेश पलायन भइरहेको छ । जसको असर देश विकासमा परेको छ । रोजगारीका लागि कृषि र उद्योगमा लगानी बढाउने र युवा पलायन रोक्ने कार्यक्रम चाहिएको हो । गाउँमा बाँझो जमिन आवाद गर्ने र युवालाई आधुनिक प्रविधिसहित उद्यमशीलतासँग जोडेर ‘हातमा काम र गोजीमा दाम’ आउने कार्यक्रम आवश्यक थियो ।हाम्रो अर्थतन्त्रको मेरुदण्ड कृषि नै हो । किसानले उत्पादन गरेको कृषि वस्तुको समर्थन मूल्य तोक्नु र उत्पादित कृषि वस्तुको बिक्रीको सुनिश्चितता अहिलेको आवश्यकता हो । बजेटमा धानलगायतका उत्पादनको समर्थन मूल्य तोक्ने, ती वस्तुको बजार अभाव भएमा खाद्य तथा व्यापार कम्पनीमार्फत खरिद गर्ने व्यवस्था मिलाउने’ कुरा सकारात्मक छ । तर कृषि क्षेत्रमा कम्तीमा १ खर्ब हुनुपर्नेमा बजेट घटाएर ५७ अर्बमा झारिएको छ । यसरी यो महत्त्वाकांक्षी संकल्प पूरा हुन असम्भव छ । कृषकलाई उत्पादनमा आकर्षित गर्न मल, बीउ, उपकरण, सिँचाइ, विद्युत्मा सहयोगका ठोस योजना आउन सकेनन् ।सरकार कृषि विकासका लागि अपरिहार्य आपूर्ति शृंखला, भण्डारण वा कृषि संसाधनमा पर्याप्त लगानी गर्दैन । किसानहरूका लागि मूल्य स्थिरीकरण कोष छैन । अर्कोतिर कृषिलाई कृषकसँग होइन, बिचौलियासँग जोडेको छ । दुई वर्षभित्र चामलमा आत्मनिर्भर हुने कुरा छ । सीमा क्षेत्रबाट धान बाहिर निर्यात रोक्न नसक्दा चामलमा आत्मनिर्भर कसरी हुन्छ ? जसको परिणाम फेरि खाद्यान्न संकट कायमै हुनेछ ।भूमिसम्बन्धी कानुन संशोधन गरी ‘भूमिहीन दलित, सुकुम्बासी र अव्यवस्थित बसोबासीको समस्या समाधान गरिने र पाँच लाख परिवारलाई जग्गाधनी प्रमाणपुर्जा उपलब्ध गराउने’ प्रतिबद्धता आएको छ । संवैधानिक हकअनुसार भूमिहीन दलित एवं वास्तविक सुकुम्बासी र जमिनबीचको समस्या समाधान गरिनुपर्छ । तर सुकुम्बासीका नाममा हुकुमवासीले जग्गा पाउने अवस्था आउनु हुन्न । अर्कोतिर कानुनको यही छिद्रबाट अव्यवस्थित बसोबासीका नाममा भूमाफिया र दलालहरूले जग्गा कब्जा गर्न नसक्ने प्रबन्ध गर्नुपर्छ ।बजेटले अर्थतन्त्रका तीनमध्ये एक पिलर सहकारी गायब गरिदिएको छ र एक गाउँ एक सहकारी, एक घर एक रोजगारीजस्ता नारा बिर्सिएको छ । पाँच लाखसम्मको बचत निक्षेप सुरक्षण गरिने, सहकारीको रकम अपचलन गर्नेको सम्पत्ति लिलाम बिक्री गरी प्राप्त रकम बचतकर्तालाई फिर्ता गर्ने बजेटका प्रतिबद्धता कार्यान्वयनको प्रतीक्षामा छन् सहकारीपीडितहरू ।देशको आर्थिक वृद्धिदर न्यून छ । विकास खर्च ३ खर्ब वरिपरि मात्र छ । जबकि बजेट २० खर्ब हाराहारी पुग्न लागिसक्यो । कोभिडपछि ओरालो लागेको अर्थतन्त्र उठाउन नीतिगत फड्को मार्ने गरी दिशानिर्देश गर्न सकिन्थ्यो । उही कर्मकाण्डी र जनतालाई निराशा बाँड्ने बजेट ल्याइयो, लगानीमुखी र नतिजामुखी बजेट आएन । पुँजीगत खर्चका लागि विश्वासिलो स्रोत छैन ।राजस्व संकलन लक्ष्यअनुसार हुन सकेको छैन । विगतमा अनुदानको उपयोग ४२–४८ प्रतिशतसम्म र बाह्य ऋणको उपयोग ४८–५६ प्रतिशतसम्म हुने गरेको छ । अनुदानको अंक घट्दो छ । कुल ऋणमा आन्तरिक ऋणको अंश बढ्दै छ । चालु खर्चका लागि पनि आन्तरिक ऋणको प्रयोग र ऋणको ब्याज तिर्न ऋण परिचालन गर्ने अवस्था अर्थतन्त्रको दृष्टिले घातक छ । सरकारले काम गरेको भुक्तानी र कोभिडको बिमाबापतको रकमसमेत दिन सकेको छैन । यसरी थला परेको अर्थतन्त्र उठाउन र ‘समृद्ध नेपाल सुखी नेपाली’ को आकांक्षा कसरी पूरा होला ?बजेटले २०३० सम्ममा नेपाललाई मध्यम आय राष्ट्रको स्तरमा पुर्‍याउने लक्ष्य र २०२६ मा विकासोन्मुख राष्ट्रमा स्तरोन्नति भएपछि आउने सम्भावित चुनौती र अवसरको सम्बोधन गर्ने ठोस नीति पहिचान गर्न सकेको छैन । यति बेला जनताको ढाड सेक्ने कर प्रणाली छ ।बन्दुक किन्दा र बच्चाको भोटो किन्दा एउटै दरमा कर लाग्छ, यहाँ सामाजिक न्याय मरेको छ । भारतमा नागरिकलाई राहत दिने उद्देश्यले वार्षिक १२७५ लाखसम्मको आयमा कर छुट गरिएको छ जुन नेपालको २० लाख बराबर हुन्छ । तर नेपालमा ५/६ लाखसम्म मात्र कर छुट दिइएको छ । डिजिटल कारोबारमा भ्याट छुट दिनु ठीक छ ।यो आयातमुखी बजेटले सीमित घराना, आयात व्यापारी तथा पैसा विदेश पठाउने बिचौलिया दलाललाई कर छुट गरेको छ । प्रगतिशील कर प्रणाली लागू गर्नु र राजस्व प्रशासनमा सुधार गर्नु अति जरुरी थियो, त्यस्ता कार्यक्रम बजेट छैनन् । मूल्य अभिवृद्धि करमा कम्तीमा दुई वटा दर लगाउँदा आर्थिक उपार्जन र सामाजिक न्याय दुवै हुन्छ । किस्तामा कर तिर्ने व्यवस्था गर्ने हो भने धेरै कर संकलन गर्न सकिन्छ । भ्रष्टाचार र घुसखोरी नियन्त्रण गर्न डिजिटल कारोबारलाई बढाउनुपर्छ ।पर्यटन पूर्वाधारमा सहयोग गर्नुपर्नेमा रिसोर्ट होटलमा १० वर्ष कर छुट गरेर व्यापारीलाई नै फाइदा दिने काम गरिएको छ । पर्यटकहरू आकर्षित गर्नका लागि उनीहरूलाई लगाइएको ४ लाख ५० हजारको सीमा हटाउनुपर्ने थियो । ढलापडा काठ लिलाम गर्ने र भन्सार तथा सिंहदरबारलगायत सरकारी कार्यालयमा थुपारिएका गाडीलाई व्यवस्थापन गरेर आम्दानी बाँध्न सकिन्थ्यो ।अहिले करिब पचास लाख नेपाली बाहिर छन् र जीडीपीमा रेमिट्यान्सको योगदान ३५ प्रतिशत छ । भोलि तिनीहरू देश फर्किएर रेमिट्यान्स बन्द हुने अवस्थामा नेपालको अर्थतन्त्रले भोग्नुपर्ने चुनौतीको सामना गर्ने दूरदृष्टि यो बजेटमा छैन । आम्दानीका स्रोत साँघुरिएको अवस्थामा विप्रेषणलाई सन्तुलनमा राख्ने गरी दिगो विकल्प खोज्नुपर्नेछ । विप्रेषण आप्रवाहलाई तात्कालिक आवश्यकताका लागि प्रयोग गर्नुपर्नेमा अर्थतन्त्र सम्पूर्ण रूपमा त्यसैमा निर्भर गराइएको छ । यो उल्टो बाटो हो ।यो बजेटमा ‘आफ्नो गाउँ आफैं बनाऔं’ जस्तो समाजवादी मोडेलको जनमुखी विकास कार्यक्रम राखिएन । बजेटले स्वच्छ ऊर्जा क्षेत्रलाई रणनीतिक सम्पत्तिका रूपमा हेरेन । ऊर्जा उद्योगहरूमा आधारित ‘इकोसिस्टम’ निर्माण गर्ने कुनै योजना छैन । यातायात पूर्वाधार सम्बन्धमा पूर्वपश्चिम राजमार्गहरूको काम सम्पन्न गर्ने र अब उत्तर–दक्षिण ‘इकोनोमिक करिडोर’ हरूलाई प्राथमिकता दिनुपर्छ । स्मार्ट सिटी, सहरीकरण, आधुनिक आर्थिक विकासको पिलर हो जुन विषय बजेटको प्राथमिकतामा पर्न सकेन ।१८ वर्षदेखि ४० वर्षबीचको पुस्ताले कस्तो कार्यक्रम र बजेट चाहन्छन्, ध्यान पुग्न सकेन । ‘जेन जी’ अर्थात् युवा पुस्तालाई प्रोत्साहित गर्ने र उद्यमशीलतामा सहयोग गर्ने नीति लिनु जरुरी थियो । युवा केन्द्रित ‘स्टार्ट–अप’ कार्यक्रमको बजेट घटाइएको छ । यो कार्यक्रमको नतिजाबारेमा अध्ययन र समीक्षा गर्नुपर्छ । युवा पुस्तालाई प्रविधिसँग जोड्नु अनिवार्य छ । एआई र डिप लर्निङमा अघि बढिसकेको नयाँ पुस्ताको चाहना र आकांक्षालाई सम्बोधन गर्ने नयाँ कार्यक्रम आउनुपर्थ्यो ।उच्च राजनीतिक नेतृत्व वर्ग दलाल पुँजीवादमा चुर्लुम्म डुबेको आजको अवस्थामा समाजवादी चरित्रको बजेट र बजेटले नयाँ सिफ्ट गर्ने परिकल्पना गर्न सकिँदैनथ्यो । बजेटले श्रमजीवी वर्गको कुरा गर्दैन । न बजेटको प्राथमिकतामा समुदाय, समूह, सहकारी छ, न गरिबीको रेखामुनिका किसान मजदुरको जीवनस्तर उठाउने ठोस योजना नै ।यो बजेट आम नागरिक, गरिखाने तल्लो वर्ग, उपभोक्ता, विद्यार्थी, साना उद्योगी, व्यापारी, व्यवसायीमैत्री छैन । बजेट आयातमुखी व्यापारी, दलाल, बिचौलिया, माफिया, कमिसनखोरहरू र दलाल पुँजीपतिको हित स्वार्थकेन्द्रित छ । उपेक्षित, उत्पीडित वर्ग, क्षेत्र, समुदाय बजेटको बहिष्करण र वञ्चितीकरणमा परेका छन् । बिचौलिया र व्यापारी खुसी हुने, जनता दुःखी हुने यो बजेट ‘जनमैत्री’ छैन । बजेटले ‘भुइँमान्छे’ बिर्सिएको छ ।"
‘राइड सेयरिङ’ ले कमजोर बनाएको संघीयताको ‘राइट सेयरिङ’,"संघीय लोकतान्त्रिक गणतन्त्र नेपालको संविधानअनुसार २०७४ मा आमनिर्वाचन सम्पन्न भएपछि तीन तहका सरकारले आ–आफ्नो अधिकार र जिम्मेवारी अभ्यास गर्दै आएका छन् । संघीयता भनेको तीन तहका सरकारले शासन गर्नु मात्र होइन, उनीहरूको क्षेत्रीय आवश्यकता र अधिकारअनुसार नीति निर्माण र कार्यान्वयन गर्ने स्वतन्त्रता पाउनु पनि हो ।तर, नेपालमा संघीय सरकारमा रहने मुख्य राजनीतिक दलको केन्द्रीकृत मानसिकता नबदलिएका कारण संघीयताकै मर्ममाथि बारम्बार प्रहार भइरहेको छ । पछिल्लो संस्करण हो– संघीय सरकारको हस्तक्षेपपछि गण्डकी प्रदेशले ल्याएको ‘राइड सेयरिङ’ नियमावली स्थगित हुनु ।संविधानको भाग ५ को धारा ५६ देखि ६० सम्म राज्यको संरचना र राज्यशक्तिको बाँडफाँटसम्बन्धी स्पष्ट व्यवस्था छ । त्यहाँ संघ, प्रदेश र स्थानीय तीन तहको शासकीय सरंचनाको स्पष्ट विभाजन र अधिकारबारे उल्लेख छ । ती अधिकारलाई संविधानको अनुसूची–५ देखि ९ सम्म अझ स्पष्ट गरिएको छ ।जसअनुसार कानुन र नीति निर्माण, कानुन कार्यान्वयनदेखि सार्वजनिक सेवा वितरणलगायतका क्षेत्रमा संघ, प्रदेश र स्थानीय तहलाई स्वतन्त्र रूपमा काम गर्ने अधिकार छ । तर व्यवहारमा यी अधिकार प्रयोग गर्न अझै पनि प्रदेश र स्थानीय तहले पाएका छैनन् । काम गर्न खोज्दा कि त संघीय कानुन बाधक बनिरहेका छन्, कि संघीय सरकारको हस्तक्षेप भइरहेको छ ।अहिले गण्डकी प्रदेशले आफ्नो प्रादेशिक आवश्यकताअनुसार सार्वजनिक यातायात प्रणालीलाई व्यवस्थित गर्न ‘राइड सेयरिङ’ सेवा नियमित गर्न चाहेको थियो । यसका लागि प्रदेशसभाले २०७६ मै बनाएको ऐनका आधारमा अहिले नियमावली जारी गरेको हो ।संघीय सरकारले त यातायातसम्बन्धी कानुनसमेत ल्याउन सकेको छैन । प्रदेश सरकारले ल्याएको कानुन र नियमावलीको प्रतिरक्षा गर्नुको साटो यातायात व्यवसायीको सिन्डिकेटसामु घुँडा टेकेर संघीय सरकारले प्रदेशको नियमावली स्थगित गर्न पत्र पठायो । त्यही पत्रका आधारमा प्रदेशले नियमावली स्थगित गरेको छ । संघले प्रदेशको कानुन स्थगित गर्न सिन्डिकेटधारी यातायात व्यवसायीसमक्ष सहमति गर्ने र त्यही सहमतिलाई मानेर प्रदेशले आफ्नो कानुन थाती राख्नु दुवै स्वास्थ्यवर्द्धक अभ्यास होइनन् ।विगतमा पनि बागमती सरकारले प्रदेश सेवा आयोग गठन, लुम्बिनी सरकारले कृषि विश्वविद्यालय स्थापना र मधेश सरकारले वनको अधिकार प्रयोग गर्न खोज्दा संघले हस्तक्षेप गरेको थियो । अझ, प्रदेशको नामकरणकै सम्बन्धमा समेत प्रदेशसभालाई राजनीतिक निर्देशन दिने अभ्यास नभएको होइन । प्रदेशसभाको दुई तिहाइले वैधानिक रूपमा नाम स्वीकृत गरे पनि त्यही नामबारे केन्द्रमा राजनीतिक सहमति भएपछि प्रदेशसभामा प्रक्रिया मात्र पुर्‍याइएको थियो ।राजस्व बाँडफाँटको विषय त झन् स्थानीय तह, प्रदेश र संघबीच सधैंको कलहको बीउ बनिरहेकै छ । यी सबै घटनाक्रममा संघ हाबी हुँदै आएको छ । प्रदेश र स्थानीय तहलाई निरीह बनाइएको छ । संघीय निजामती विधेयक, संघीय प्रहरी विधेयक, विद्यालय शिक्षा विधेयक संघीय संसद्मा वर्षौंदेखि अलपत्र छन् ।संघीय कानुन बनेपछि मात्र प्रदेश र स्थानीय तहले यसबारे आफ्ना कानुन बनाउने स्पष्ट व्यवस्था संविधानमा छ । तर, त्यो व्यवस्थाअनुसार संघले कानुन पास नगर्दा प्रदेश र स्थानीय तहले काम गर्नै पाएका छैनन् । संघीय संसद्मा अलपत्र परेका यस्ता विधेयकहरू अघि बढाएर प्रदेश र स्थानीय तहलाई सहजीकरण गर्नुको सट्टा उल्टै प्रदेशहरूले आफ्नो अधिकार क्षेत्रका विषयमा गरिरहेका अभ्यासमा समेत केन्द्रबाट वक्रदृष्टि लगाउने काम भएको छ । यसले संघीयताको मर्म र अभ्यासमै कुठाराघात भइरहेको छ ।राणातन्त्र, राजतन्त्र, प्रजातन्त्र सबै कालखण्डमा नेपालले केन्द्रीकृत शासनको अभ्यास गर्‍यो । २०४७ पछिको प्रजातान्त्रिक कालखण्डमा विकेन्द्रीकरण भन्दै केही अधिकार तल स्थानीय निकायमा पुर्‍याइयो । तर, तल्लो तहका नागरिकले सुविधा पाउन सकेनन् । त्यसैले २०६३ पछि सुरु भएको गणतान्त्रिक शासनकालमा मुलुकलाई तीन तहको संघीय ढाँचामा बदली शासकीय अधिकार तल लैजाने संवैधानिक प्रबन्ध गरिएको हो ।शक्तिको केन्द्रीकरण भएपछि त्यसको विकल्पमा संघीय प्रणाली ल्याइएको तथ्यलाई बिर्सेर अहिले यो व्यवस्थाकै ‘डिजाइनर’ भनिएका दल, तिनका नेता र सरकार प्रमुखहरूले कमजोर बनाइरहेका छन् । संघीय सरकारले प्रदेश र स्थानीय सरकारलाई अधीनस्थ ठान्ने र सरकारको नेतृत्व गर्ने दलहरूले आफ्नो पार्टीको शाखाजस्तो व्यवहार गरिरहेका छन् ।प्रदेश र स्थानीय तहले स्वतन्त्र रूपमा काम गर्न थाले केन्द्रीय सत्ता कमजोर हुन्छ भन्ने मानसिकता छ । यस्तो सोच केन्द्रीकृत शासकीय संरचनाकै धङधङी हो । जसले संघीयताको जगलाई नै कमजोर पारिरहेको छ ।प्रदेश र स्थानीय तहलाई आवश्यक स्रोत, जनशक्ति, नीति निर्माणको अधिकार र कार्यान्वयनको स्वतन्त्रता नदिई उनीहरूले कसरी जनताको सेवा गर्न सक्छन् ? सबै निर्णय केन्द्रमै हुने हो भने प्रदेश र स्थानीय तहका नाममा अर्बौं रुपैयाँ खर्च गर्नुको अर्थ के रह्यो ? संघीयता केवल भूगोलको बाँडफाँट होइन, यो जनताको अधिकार र सहभागिताको संरचना हो भन्ने संघले बुझ्न ढिलाइ गर्नु हुन्न ।प्रदेश र स्थानीय तहलाई कामचलाउ र राजनीतिक स्वार्थका लागि प्रयोग गर्नु भनेको अन्ततः संघीय शासन प्रणालीलाई नै कमजोर बनाउनु हो । संघीय सरकार स्वयं प्रदेश सरकारले ल्याएको नियमावली स्थगित गर्न सिन्डिकेट वा अन्य कुनै पक्षसँग सम्झौता गर्दै हिँड्छ भने प्रदेशले स्वीकार गर्ने कि नगर्ने ? गण्डकीको ‘राइड सेयरिङ’ प्रकरणले संघीयताको ‘राइट सेयरिङ’ (अधिकार बाँडफाँट) को मर्मलाई पनि कमजोर बनाएको छ ।संघीयता कमजोर भएको संघीय सरकारको हैकमले मात्र होइन, आफ्नै अधिकारलाई पनि अवमूल्यन गर्ने प्रदेशको प्रवृत्तिले पनि यसमा सहयोग गरेको छ । ‘राइड सेयरिङ’ प्रकरणले पनि यही तथ्यलाई प्रस्ट पारेको छ । यसरी अधिकारमा अतिक्रमण गर्ने र गर्न दिने दुवै प्रवृत्तिलाई निरुत्साहित गर्नुपर्छ । संघीय अधिकारलाई संविधानको पानामा मात्र सीमित गर्ने होइन, अभ्यासमा पनि जीवन्त बनाउनुपर्छ ।"
उज्वेकिस्तान र जोर्डन विश्वकपमा छनोट,काठमाडौँ — उज्वेकिस्तान र जोर्डनले पहिलो पटक विश्वकप खेल्ने भएका छन् । विश्व फुटबलको सबैभन्दा ठूलो प्रतियोगितामा उनीहरूको छनोट बिहीबार निश्चित भएको हो । यस्तै दक्षिण कोरियाले पनि विश्वकपका लागि टिकट काटेको छ ।बार्सामा भएको खेलमा दक्षिण कोरियाले इराकलाई २–० ले हराएपछि यो नतिजाले जोर्डनलाई पनि विश्वकप पुर्‍याएको हो । यस्तै उज्वेकिस्तानले भने यूएईसँग गोलरहित बराबरी खेले । दक्षिण कोरियाको जितमा किम जिन–ग्यु र ओह हवन–ग्युले गोल गरे ।एसियाली छनोट तेस्रो चरणको समूह ‘ए’ मा इरान र उज्वेकिस्तान शीर्ष स्थानमा छन् । इरान पनि विश्वकपका लागि छनोट भइसकेको छ । यस्तै समूह ‘बी’ को शीर्ष दुईमा दक्षिण कोरिया र जोर्डन रहेका छन् ।
फ्रेन्च ओपन २०२५ : सबलेन्का र गउफ फाइनलमा भिड्दै,"काठमाडौँ — फ्रेन्च ओपन २०२५ को महिला एकल फाइनलमा विश्व नम्बर एक आरयना सबलेन्का र कोका गउफ भिड्ने भएका छन् । सबलेन्काले सेमिफाइनलमा चार पल्टकी च्याम्पियन इगा स्वाटिकलाई ७–६ (७/१), ४–६ र ६–० ले पराजित गरिन् ।तीन पल्टकी ग्रान्ड स्लाम विजेता बेलारुसकी खेलाडी फ्रेन्च ओपनको फाइनल पुगेको यो पहिलो पटक हो । उनले जितेका तीनै ग्रान्ड स्लाम उपाधि हार्ड कोर्टका हुन् । ‘यो जितमा असाध्यै खुसी छ, तर जिम्मेवारी अझै सकिएको छैन,’ सबलेन्काले प्रतिक्रिया दिएकी छिन् ।सन् २०२२ की उप विजेता गउफले भने अर्को खेलमा लोइस बोइसनलाई सजिलै ६–१ र ६–२ ले हराइन् । विश्व वरीयताको ३६१ औं स्थानमा रहेकी बोइसनको यस हारसँगै सनसनीपूर्ण यात्रामा पूर्णविराम लागेको छ ।"
नेसन्स लिग २०२५ : फ्रान्सलाई पन्छाउँदै स्पेन फाइनलमा,काठमाडौँ — लामिन यामल र निको विलियम्सको उत्कृष्ट प्रदर्शनको मद्दतले स्पेनले फ्रान्सलाई सनसनीपूर्ण खेलमा पराजित गर्दै नेसन्स लिग २०२५ को फाइनलमा प्रवेश गरेको छ । स्टुटगार्टमा भएको सेमिफाइनलमा स्पेन ५–४ ले विजयी भएको हो ।यामलले दुई गोल गरे भने विलियम्सले एक गोल गर्दै अर्कोमा अवसर सिर्जना गरे । सन् २०२४ को युरो विजेताका लागि मिकेल मेरिनो र पेड्रिले पनि गोल गरे । केयलिन एमबापेले फ्रान्सका लागि दोस्रो हाफमा पेनाल्टीबाट गोल गरेपनि त्यस स्थितिसम्म स्पेन ५–१ ले अगाडि थियो ।त्यसपछि फ्रान्सले तीन गोल फर्काएको हो । त्यसमा रायन चेरकी र रान्डल कोला मुनिले गोल गरे । अर्को एक गोल आत्मघाती रह्यो । अब फाइनलमा उपाधिका लागि स्पेनले पोर्चुगलको सामना गर्नेछ । पोर्चुगलले यसअघि अर्को सेमिफाइनलमा जर्मनीलाई हराएको थियो ।
आरिफको अनवरत यात्रा,"डन्डी, स्कटल्यान्ड — मध्यक्रमका ब्याटर आरिफ शेखको विशेषता एकदिवसीय क्रिकेटमा लामो समय क्रिजमा टिकेर खेल्नु हो । उनले बुधबार यही क्षमता प्रदर्शन गर्दा नेपालले विश्वकप क्रिकेट लिग–२ मा नेदरल्यान्ड्समाथि ५ विकेटको सानदार जित निकाल्यो । डच टिमका लागि यो स्तब्धपूर्ण नतिजा जस्तै रह्यो ।नेपालले ५० ओभरको खेलमा नेदरल्यान्ड्सलाई उसैको भूमिमा दुई पटक र घरेलु भूमिमा एक पटक पराजित गरिसकेको थियो । आरिफले स्कटल्यान्डको डन्डीस्थित फोर्थहिलमा खेलको एकमात्र अर्धशतक बनाएपछि नेपाली टिम नेदरल्यान्ड्सलाई एकदिवसीयमा पहिलो पटक तटस्थ भूमिमा पराजित गर्न सफल भएको हो ।आरिफले ७८ रन बनाएपछि नेपालले २ सय २६ रनको लक्ष्य ४७.१ ओभरमै पार गरेको थियो । आरिफले ४० औं ओभरमा भिभिएन किङ्माको बलमा प्वाइन्टमाथि छक्का प्रहार गर्दै ८१ बलमा व्यक्तिगत अर्धशतक पूरा गरे । सुरुदेखि नै क्रिजमा डटेर खेलेका आरिफले कुल ९९ बलमा ७ चौका र २ छक्का प्रहार गरे ।निर्धक्कसाथ क्रिजमा बिताउनु बाहेक उनको अर्को परिचय शान्त स्वभाव पनि हो । ‘आइसम्यान’ आरिफले डन्डीको चिसो हावामा नेपाली क्रिकेटकै एउटा बाफिलो इनिङ्स खेले । उनले नेदरल्यान्ड्सविरुद्धको इनिङ्सबारे भने, ‘प्रशिक्षक (स्टुवार्ट ल) ले जुन भूमिका दिनुभएको छ, त्यसलाई मैले पूरा गरेको मात्र हो । निश्चय पनि टिमका लागि योगदान दिँदा राम्रो अनुभव हुने भइहाल्यो । त्यसैले म आफ्नो भूमिकामा रमाइरहेको छु । प्रशिक्षकले गेम फिनिस गर्न भन्नुभएको थियो, तर दुर्भाग्य मैले गेम फिनिस गर्न चाहिँ सकिनँ । आउने दिनहरूमाम अब फेरि यस्तै परिस्थिति बनेमा अवश्य गेम फिनिस गरेर आउने छु ।’आरिफले कप्तान रोहित पौडेलसँग चौथो विकेटमा ५५ र दीपेन्द्रसिंह ऐरीसँग पाँचौं विकेटका लागि ९२ बलमा ८९ रनको ठोस साझेदारी गर्दै नेपाललाई विजयको बाटो देखाए । ‘यहाँ खेल्न गाह्रो छ । त्यसै पनि हामीले दुई विकेट गुमाएर गाह्रो बनिसकेको थियो । त्यहाँबाट एउटा महत्त्वपूर्ण साझेदारी चाहिएको थियो । हामीले दुईवटा अर्धशतकीय साझेदारी गरेपछि खेल जित्न सफल भएका हौं,’ आरिफले भने, ‘सुरुको १०–१५ बलमा जोगिएर खेल्ने हो भनेपछि ब्याटिङ गर्न सजिलो हुँदैं जान्छ । ब्याटिङका लागि यो राम्रो विकेट छ ।’आरिफले ५९ औं एकदिवसीय अन्तराष्ट्रिय खेल्दै आफ्नो आठौं अर्धशतक बनाएका हुन् । उनको यो उच्च स्कोर पनि हो । यसअघि ६६ रन उनको व्यक्तिगत उच्च स्कोर थियो, जुन उनले सन् २०२२ मा ओमानविरुद्ध अमेरिकाको ह्युस्टनमा बनाएका थिए । गत वर्ष आरिफले अमेरिकाको ड्यालासमा स्कटल्यान्डविरुद्ध अविजित ५१ रन बनाएर नेपाललाई ५ विकेटको जित दिलाएका थिए ।पछिल्लो एक वर्षमा नेपालले खेलेका एकदिवसीय अन्तराष्ट्रियमा आरिफले ७ इनिङ्समा सर्वाधिक २ सय ३९ रन बनाएका छन् । यो अवधिमा कप्तान रोहितले ८ खेलमा २ सय २७ र गुलशन झाले ८ खेलमा १ सय ९३ रन बनाएका छन् । आरिफले एकदिवसीय अन्तर्राष्ट्रियमा २७ माथिको औसतमा १ हजार २ सय ३ रन बनाइसकेका छन् । आरिफभन्दा बढी रन नेपालबाट रोहित पौडल (१८१३), उनका भाइ आसिफ शेख (१५६१) र कुशल भुर्तेल (१३६३) ले मात्र बनाएका छन् ।‘आरिफ दाइले एकदमै राम्रो इनिङ्स शान्त र सभ्य भएर खेल्नुभयो । सुरुदेखि नै उहाँले स्थिति हेरेर खेल्नुभएको थियो, जतिखेर आवश्यक परेको थियो, त्यतिखेर चार्ज गरेर खेल्नुभयो,’ कप्तान रोहितले नेदरल्यान्ड्सविरुद्धको आरिफको इनिङ्सबारे भने, ‘दाइ कम्प्याक्ट हुनुहुन्छ, धेरै पटक नेपाललाई यसरी नै खेलेर जिताइसक्नुभएको छ ।’हालको नेपाली टोलीमा आरिफ अनुभवी खेलाडी हुन् । सन् २०१४ मा मलेसियामा भएको विश्व क्रिकट लिग डिभिजन ३ देखि आरिफले नेपाली टोलीबाट खेल्दै आएका छन् । आरिफभन्दा वरिष्ठ टोलीमा सोमपाल कामीमात्र छन् । आरिफसँगैं खेलका ज्ञानेन्द्र मल्ल अहिले टोलीको प्रशिक्षणमा छन् ।नेदरल्यान्ड्सविरुद्धको इनिङ्सले आरिफलाई गत वर्ष अमेरिका र वेस्ट इन्डिजमा ट्वान्टी–२० विश्वकपमा नेपाली टोलीमा छनोटमा नपरेको पीडा भुलाइदिएको थियो । विश्वकप जाने अन्तिम टोलीको छनोटबाट फालिएपछि आरिफले समाजिक सन्जालमा आक्रोश पोखेका थिए । अन्य सयममा भने आरिफ क्रिकेटकै वास्तविक भलाद्मी जस्तै देखिन्छन् ।नेपाली टोलीका प्रमुख ब्याटर भए पनि आरिफ ‘लाइमलाइट’ मा देखिँदैनन् । चर्चा बाहिर नै रहन्छन् र शान्त हिसाबमै टोलीमा रमाउँछन् । उनी भन्छन्, ‘म यस्तो विषयमा खासै ध्यान दिन्न । मैले जुन सयममा अवसर पाउँछु, त्यसमा खेलेर देखाउने हो । हरेक खेलमा योगदान दिउँ जस्तो लाग्छ । जति बढी बल खेल्न पायो, त्यति म्याच निकाल्ने अवसर बनाउँछु भन्नेमात्र मेरो दिमागमा हुन्छ ।’"
सदभाव पहिलोपल्ट एमेच्योर ओपन च्याम्पियन,"काठमाडौँ — एमेच्योर गल्फर सदभाव आचार्यले रेकर्ड स्कोरसहित ११ औं नेपाल एमेच्योर ओपन गल्फ च्याम्पियनसिपको उपाधि जितेका छन् । नम्बर वन गल्फर सदभावले राहुल विश्वकर्मालाई १० स्ट्रोकको फराकिलो अन्तरमा हराएर पहिलो पटक यो च्याम्पियनसिप जितेका छन् ।गोकर्ण गल्फ क्लबमा सदभावले बिहीबार २ अन्डर ७० खेल्दै समग्रमा २० अन्डर १ सय ९६ को स्कोर बनाए । उनले ५४ होलको १८ अन्डरको रेकर्डसमेत तोडेका थिए । उनले प्रतियोगितामा दोहोरो स्वर्ण जिते । टिमतर्फ राहुलसँग मिलेर स्वर्ण जितेका हुन् । उनले दोस्रो दिन १२ अन्डर ६० खेल्दै गोकर्ण गल्फ क्लबको कोर्स रेकर्ड तोडेका थिए ।नेपालका राहुल र भारतका सुमित कोटवालले समान १० अन्डर २ सय ६ को स्कोर बनाए । काउन्टब्याकमा राहुल दोस्रो र सुमित तेस्रो भए । १ स्वर्ण र १ रजत जितेका राहुलले बिहीबार ४ अन्डर ६८ को उत्कृष्ट स्कोर बनाए । सुमितले इभन–पार ७२ खेले ।८ स्ट्रोकको अग्रतामा दिनको खेल सुरु गरेका सदभावले पहिलो र नवौं होलमा बर्डी प्रहार गरे । तर दोस्रो, पाँचौं र छैटौं होलको बोगीले फ्रन्टनाइन १ ओभर ३७ टुंग्याए । ब्याकनाइनमा भने तीन बर्डीको सफलता पाए । १०, १४ र १५ औं होलमा शट बचाएर ब्याकनाइन ३ अन्डर ३३ मा पूरा गरे ।राहुलले तेस्रो होलको बर्डीविरुद्ध छैटौं होलको बोगीले फ्रन्टनाइन इभन पार ३६ मा सके । ब्याकनाइनमा राहुल ४ होलमा प्रहार गरेको बर्डीले दोस्रो भए । उनले ११ देखि १३ औं होलमा लगातार तीन र १५ औं होलमा बर्डी प्रहार गरे । ब्याकनाइन ४ अन्डर ३२ मा सकेका उनी काउन्टब्याकमा दोस्रो भए ।सुमितले बोगीबाट खेल सुरु गरे । यसपछि तेस्रो, चौथों र नवौं होलमा शट बचाएसँगै फ्रन्टनाइन २ अन्डर ३४ मा टुंग्याए । १२ औं होलमा बर्डी प्रहार गर्दा १३ औं होलमा शट खेर फाले । अन्तिम होलको डबल बोगीले ब्याकनाइन २ ओभर ३८ मा पूरा गरे ।महिलातर्फ भारतकी अनन्थी विवेकले समग्रमा इभन–पार २ सय १६ सहित उपाधि जितिन् । उनले आफ्नै देशकी दिया क्रिस कुमारलाई १९ स्ट्रोकको हराइन् । गत संस्करण तेस्रो भएकी अनन्थीले यसपालि उपाधि उचालिन् । बिहीबार उनले ३ ओभर ७५ स्कोर गरिन् ।समग्रमा १९ ओभर २ सय ३५ सहित दियाले दोस्रो स्थान हासिल गरिन् । उनले आज ८ ओभर ८० खेलिन् । नेपालकी तारा कार्की चित्रकार तेस्रो भइन् । उनले समग्रमा २ सय ५४ स्कोर गरिन् ।यू–१६ तर्फ भारतका भिभान उभयकरले उपाधि जिते । समग्रमा १ अन्डर २ सय १५ स्कोर गरे उनले बिहीबार २ अन्डर ७० स्कोर गर्दा । उनले आफ्नै टिमका प्रिन्स बैंस्लालाई ६ स्ट्रोकले हराए । भिभानले फ्रन्टनाइन २ अन्डर ३४ र ब्याक नाइन इभन–पार ३६ मा सकेका थिए ।प्रिन्सले बिहीबार इभन–पार ७२ खेल्दा समग्रमा ५ ओभर २ सय २१ स्कोर गरे । नेपालका रुबेन थापा समग्रमा १३ ओभर २ सय २९ सहित तेस्रो भए । उनले अन्तिम दिन ४ ओभर ७६ खेले । काउन्टब्याकमा रुबेनले भारतका अङ्भय बाग्लालाई पछि पारे ।नेपाल ’ए’ का सदभाव र राहुलले ३६ होल समाप्तिमा २४ अन्डर २ सय ६४ को स्कोरमा टिम स्वर्ण जित्यो । नेपाल ’ए’ ले १६ अन्डर १ सय २८ को स्कोरमा भुटानलाई २४ स्ट्रोकले हरायो । निम दोर्जी तामाङ र डेचेन लेन्डुपको भुटानी टिम काउन्टब्याकमा दोस्रो भयो । भुटान र बंगलादेश इभन–पार २८८ मा बराबरी भएपछि काउन्ट ब्याकमा नतिजा आएको हो । सोफिकुल इस्लाम र मोहम्मद सहाब उद्दिनसम्मिलित बंगलादेश टिमले कांस्य जित्यो ।विजयी खेलाडीलाई राष्ट्रिय खेलकुद परिषदका सदस्यसचिव टंकलाल घिसिङ, नेपाल गल्फ संघका अध्यक्ष टासी घलेलगायतले पुरस्कृत गरे । तीन दिने ५४ होलको प्रतिस्पर्धामा नेपालसहित दक्षिण एसियाका बंगलादेश, भुटान, श्रीलंका र भारतका गरी ५ राष्ट्रका ५७ खेलाडीको सहभागिता थियो । यो प्रतियोगिता वर्ल्ड एमेच्योर गल्फ र्‍याङ्किङ (डब्लुएजीआर) द्वारा मान्यता प्राप्त हो ।"
शिखरका विद्यालयहरूमा तालिमप्राप्त खेल शिक्षक,"डोटी — शिखर नगरपालिकाअन्तर्गत माध्यमिक विद्यालयहरूमा तालिमप्राप्त खेलकुद शिक्षक खटाइएको छ । नगरपालिकाले २४ शिक्षकलाई ५ दिने खेलकुद तालिम दिएर विद्यालयमा खटाएको हो । विद्यालयमा कार्यरत शिक्षकलाई खेलकुदसम्बन्धी ५ दिने क्षमता विकास तालिम दिइएको हो ।नगरपालिकाअन्तर्गतका माध्यमिक विद्यालय र कक्षा ८ सम्म सञ्चालित आधारभूत विद्यालयमा कार्यरत शिक्षकको क्षमता विकास गर्ने उद्देश्यसहित तालिम आयोजना गरिएको थियो ।तालिममा एथलेटिक्स, भलिबल, कबड्डी र खेलसम्बन्धी प्रशासनिक तथा व्यवस्थापकीय पक्ष सम्बन्धी तालिम दिइएको थियो । ५ दिनसम्म सञ्चालित उक्त तालिममा ३ जना छुट्टाछुट्टै विधाका प्रशिक्षकको व्यवस्था गरिएको थियो । क्षमता विकास तालिममा नगरका २४ जना शिक्षकहरूको सहभागिता रहेको थियो । क्षमता विकास तालिममा खेलका सैद्धान्तिक र व्यावहारिक पक्ष, नियम, एक्सरसाइजलगायतका पक्षहरू समेटिएको थियो । सहभागी शिक्षकलाई अभ्याससहितको तालिम दिइएको थियो ।शिखर नगरपालिकाका नगर प्रमुख दीर्घबहादुर बलायरले तालिमप्राप्त शिक्षकको काँधमा शिक्षा सँगसँगै खेलकुदको माध्यमबाट पनि विद्यार्थीलाई अनुशासित र लगनशील बनाउने जिम्मेवारी थपिएको बताए ।नगर उपप्रमुख सुनीता रावल जोराले पढाइसँगै विद्यार्थीका लागि खेलकुद पनि आवश्यक भएको महसुस गर्दै तालिम आयोजना गरिएको बताइन् । बालबालिकामा पछिल्लो समय घरभित्रै बसेर डिजिटल खेलहरू खेल्ने, बाहिरी खेलहरूमा रुचि नराख्ने प्रवृत्ति बढिरहेको प्रमुख प्रशासकीय अधिकृत हरिन्द्रकुमार श्रेष्ठले बताए । उनले तालिमप्राप्त खेल शिक्षकले बालबालिकालाई अभ्याससहित खेलसँग जोड्ने विश्वास व्यक्त गरे ।तालिममा सहभागी शिक्षकहरूले खेलसम्बन्धी प्राप्त सैद्धान्तिक र व्यावहारिक ज्ञान आआफ्नो विद्यालयमा उपयोग गर्ने बताए ।"
खेलाडी ‘इन्ट्री’ नपाएकोबारे उसु पदाधिकारीको प्रस्टीकरण,"काठमाडौँ — नेपालमा उसु खेलका दुई महासंघ अस्तित्वमा रहँदा उसुका राष्ट्रिय खेलाडीहरू मर्कामा परेका छन् । आसन्न एसिया कप उसु च्याम्पियनसिपमा नेपाली खेलाडी सहभागिता अनिश्चित बनेको छ ।उसु खेलाडी दीपक हमाल र शिव सिलवाल चीनमा जुलाई २ देखि ७ सम्म हुने उक्त च्याम्पियनसिपका लागि छनोट भएका थिए । तर दुई महासंघको विवादका कारण उनीहरूको सहभागिता निश्चित हुन सकेको छैन ।उनीहरूसहित ५ खेलाडीले अघिल्लो दिन पत्रकार सम्मेलन गरेर जापानमा गत अक्टोबरमा भएको तेस्रो थाउलु उसु विश्वकप खेल्दा आयोजक जापान उसु फेडेरेसनलाई बुझाउनुपर्ने रकम बुझाउन नसक्दा आफूहरूले अन्य अन्तर्राष्ट्रिय प्रतियोगिता खेल्नका लागि ‘इन्ट्री’ नपाएको गुनासो गरेका थिए ।राष्ट्रिय मान्यताप्राप्त नेपाल उसु महासंघले बिहीबार पत्रकार सम्मेलनबाट अन्तर्राष्ट्रिय मान्यता बोकेर बसेको नेपाल उसु महासंघको लापरबाहीका कारण खेलाडीहरू खेल्न नपाएको प्रस्टीकरण दिएको छ ।उसु महासंघका महासचिव नवराज ढुंगानाले जापानमा आयोजित तेस्रो थाउलु उसु विश्वकपमा भएको खर्च अन्तर्राष्ट्रिय मान्यता प्राप्त संघले नतिरेपछि नेपाललाई अन्तर्राष्ट्रिय उसु महासंघले अन्य प्रतियोगिताका लागि इन्ट्री नदिएको बताए ।‘जापान उसु फेडेरेसनले हामीलाई ७ हजार २८० अमेरिकी डलर तिर्न बाँकी रहेको पत्र पठाएको छ । उक्त रकम समयमै तिर्न नसके नेपाली उसु अन्तर्राष्ट्रिय उसु महासंघको कालोसूचीमा पर्नेछ,’ ढुंगानाले भने ।लाक्पा लामाको नेतृत्वमा रहेको अन्तर्राष्ट्रिय मान्यताप्राप्त उसु महासंघले प्रतियोगितामा नेपाली खेलाडीलाई सहभागिता गराएको थियो । त्यसमा दीपक हमाल, विजय सिंजाली, पासाङ शेर्पा, राजीव तामाङ र निमा घर्तीमगरले भाग लिएका थिए । विजयले ऐतिहासिक कांस्य पदक पनि जितेका थिए ।गत वर्ष चीनमा सम्पन्न विश्वकप छनोटमा १४ खेलाडीसहितको नेपाली टोलीले सहभागिता जनाएको थियो । सोही प्रतियोगितामा गरेको प्रदर्शनका आधारमा नेपालबाट ५ खेलाडी थाउलु विश्वकपलाई छानिएका थिए ।राष्ट्रिय खेलकुद परिषद्बाट विश्वकप सहभागिताको क्रममा खेलाडीको खाना र बसोबासको खर्च बिलअनुसार भुक्तानी प्रक्रिया अगाडि बढेको र युवा तथा खेलकुद मन्त्रालयमा गएर रोकिएको खेलाडीहरूको आरोप थियो ।राष्ट्रिय मान्यताप्राप्त उसु महासंघका अध्यक्ष शैलेश कर्माचार्य खेलाडीको खर्च विवरण तिर्न राज्य तयार रहेको बताउँछन् । तर राज्यकोषमार्फत जाने रकम आफ्नो आधिकारिक महासंघमार्फत हुनुपर्ने उनको जिकिर छ । तर अन्तर्राष्ट्रिय समन्वय भने अर्को उसु महासंघसँग छ । त्यसलाई सरकारले अवैधानिक मानेको छ । जसले गर्दा उसु खेलाडीको अन्तर्राष्ट्रिय सहभागिता भविष्य अन्योलमा परेको हो ।"
हङकङ र नेपालबीच गोलरहित बराबरी,काठमाडौँ — हङकङ र नेपालले बिहीबार अन्तर्राष्ट्रिय मैत्रीपूर्ण खेलमा गोलरहित बराबरी खेलेका छन् । सो कोन पोको हङकङ रंगशालामा भएको खेलमा दुवै टिमले स्पष्ट निर्णायक आक्रमण बुन्न सकेनन् ।यसै खेलबाट नेपालका लागि फरवार्ड श्रीजनराज गौत्तमले डेब्यु गरेका छन् । सब्टिच्युट खेलाडीका रूपमा दोस्रो हाफमा उनी मैदानमा प्रवेश गरेका थिए ।नेपालले अब जुन १० मंगलबार एसियाकप छनोटमा लाओसको सामना गर्नेछ । यो छनोट तेस्रो चरणको समूह ‘एफ’ को खेल हुनेछ । नेपाल त्यही खेलको तयारीका रूपमा हङकङ भ्रमणमा निस्केको हो ।यी दुई टिमबीच यो दोस्रो अन्तर्राष्ट्रिय खेल मात्रै हो । यसअघि सन् १९८८ मा पनि नेपालले एसियाकप छनोटमै काठमाडौंमा भएको खेलमा हङकङको सामना गरेको थियो र त्यो खेल पनि गोलरहित बराबरीमै टुंगेको थियो ।
बाँसबारी माविले जित्यो चेयरम्यान कप चेस,"काठमाडौँ — बाँसबारी माविले चेयरम्यान कप स्कुल चेस च्याम्पियनसिप जितेको छ । बालुवाटारमा बिहीबार भएको प्रतियोगितामा सर्वाधिक ७६ अंक जोड्दै बाँसबारी विजेता बन्यो ।हिमालयन चेस एकेडेमीको व्यवस्थापनमा काठमाडौं महानगरपालिका ४ ले आयोजना गरेको र्‍यापिड चेस प्रतियोगिताका ६ स्पर्धामा २० विद्यालयका ३ सय १९ खेलाडीले भाग लिएका थिए । प्रत्येक स्पर्धामा शीर्ष १० खेलाडीलाई दिइएको अंकका आधारमा बाँसबारी च्याम्पियन भएको हो । नेसनल क्रियटिभ को–एडुकेसनल स्कुल (एनसीसीएस) ५३ अंकसहित उपविजेता बन्यो । महेन्द्र राष्ट्रिय मावि ३२ अंक जोड्दै तेस्रो भयो ।व्यक्तिगत स्पर्धामा बाँसबारीकी सिमरन कार्की ४ अंक बटुल्दै कक्षा १–४ गर्ल्समा विजेता भइन् । बाँसबारीकै सुप्रिया मोक्तान, धुम्रबाराही माविकी सन्ध्याकुमारी शाह र महेन्द्र राष्ट्रियकी आशिका लोप्चनले ३–३ अंक जोडे पनि टाइब्रेकका आधारमा सुप्रिया दोस्रो र सन्ध्या तेस्रो भए ।ब्वाइजतर्फ मेरिडियन स्कुलका आयम सुवेदी ५ खेल जिेतर विजेता भए । एनसीसीएसका अर्णव मानन्धरले समान ४ अंक जोडेका आफ्नै स्कुलका श्रेयांश सापकोटालाई टाइब्रेकमा उछिन्दै दोस्रो स्थान हात पारे ।कक्षा ५–८ गर्ल्समा एनसीसीएसकी आराध्य गुप्ता ५ अंक जोड्दै विजेता भइन् । धुम्रबाराहीकी समिक्षा नेपाल (४.५ अंक) दोस्रो र बाँसबारीकी अप्सरा खत्री (४) तेस्रो भए । ब्वाइजतर्फ पञ्चकन्या आधारभूत विद्यालयका अतिश महर्जन ६.५ अंकसहित विजेता भए । समान ६ अंक जोडेका बाँसबारीका शिशिर ढकाल दोस्रो र सुमिर तामाङ तेस्रो स्थानमा रहे ।कक्षा ९–१२ गर्ल्समा बागमती बोर्डिङकी देवयानी गुरागाईंले ५ अंक जोडेर पहिलो स्थान हासिल गरिन् । बागमतीकै मायुमी राई ४ अंकसहित दोस्रो भइन् । टाइब्रेकरमा पछाडि परेपछि एनसीसीएसकी आँचल चौधरी तेस्रो भइन् । ब्वाइजतर्फ न्युटनका सोहन प्रजापतिले ६.५ अंक जोड्दै पहिलो स्थान हासिल गरे । बृहस्पति विद्यासदनका प्रेमविक्रम अधिकारीले समान ६ अंक बनाएका बागमतीका आयुष बस्नेतलाई टाइब्रेकमा हराएर दोस्रो स्थान हात पारे ।विजेतालाई आयोजक वडा ४ का वडाध्यक्ष दिनेश महर्जन, हिमालयन चेसकी मोनालिशा खम्बूलगायतले ट्रफी प्रदान गरे ।"
नेसनल टिम तेक्वान्दो च्याम्पियनसिप हुने,काठमाडौँ — नेपाल तेक्वान्दो संघले प्रथम एनटीए नेसनल टिम तेक्वान्दो च्याम्पियनसिप असार पहिलो साता आयोजना गर्ने भएको छ । ग्योरोगी विधा (फाइट) मा मात्र असार १ र २ गते राजधानीमा हुने च्याम्पियनसिप विश्व तेक्वान्दोको टिम ग्योरोगीको नियमअनुसार खेलाइने आयोजक संघले बिहीबार पत्रकार सम्मेलनमा बतायो ।प्रतियोगितामा १२–१४ वर्ष उमेर समूहमा क्याडेट गर्ल्स/ब्वाइज टिम तथा १५–१७ वर्ष उमेर समूहमा जुनियर गर्ल्स/ब्वाइज टिम गरी ४ विधा समावेश गरिएको छ । टिम च्याम्पियनले ५० हजार र दोस्रोले २५ हजार रुपैयाँसहित ट्रफी जित्ने छन् । कुल ३ लाख रुपैयाँ पुरस्कार राशि रेहेको छ ।प्रतियोगितामा ७ सय खेलाडीले भाग लिने अपेक्षा गरिएको छ । करिब १२ लाख ५५ हजार खर्च लाग्ने र सम्पूर्ण रकम तेक्वान्दो संघले व्यवस्थापन गर्ने जनाइएको छ ।
महिला ब्याडमिन्डनमा अम्बिका र दीपिका फाइनलमा,"काठमाडौँ — विद्युत प्राधिकरणकी अम्बिका सापकोटा र कृषि विकास बैंककी दीपिका राई १४ औं कर्मचारी खेलकुद प्रतियोगिताअन्तर्गत ब्याडमिन्टनको महिला सिंगल्सतर्फ फाइनल पुगेका छन् ।र्‍याकेट एन्ड रोल ब्याडमिन्टन हलमा बिहीबार अम्बिकाले कृषिकी प्रतीक्षा नेपाललाई २१–१७, २१–१६ ले र दीपिकाले नागरिक उड्डयन प्राधिकरणकी सरला श्रेष्ठलाई २१–११, २१–१२ को सोझो सेटमा पराजित गरे ।पुरुष सिंगल्समा विद्युतका भक्तराज जोशीले कृषिका टक्कर कुँवरलाई २१–१९, २१–१४ ले मंगेश तामाङले नागरिक उड्डयनका कालजंग लामालाई १९–२१, २१–१६, २१–५ को सेटमा हराएर फाइनलमा स्थान बनाए ।कर्मचारी खेलकुद प्रतिष्ठान नेपाल (इसान) द्वारा आयोजित प्रतियोगिताको भेट्रान ४५ वर्षमाथि पुरुष सिंगल्समा विद्युतका रत्न श्रेष्ठले नागरिक उड्डयनका देवेन्द्रप्रसाद पाण्डेलाई २२–२४, २१–११, २१–११ ले र विद्युतका राजु महर्जनले नेपाल वायुसेवा निगमका घनश्याम भट्टलाई २१–१३, २१–११ ले हराएर फाइनलमा स्थान बनाए ।एक्ज्युकेटिभ डबल्समा विद्युतका वासु कोलोनी र लोकेन्द्र साउदको जोडी तथा विष्णु गैरे र युकेश श्रेष्ठको जोडीले फाइनलमा स्थान बनाए । पुरुष डबल्समा कृषिका टक्कर कुँवर र राजकुमार निरौला तथा विद्युतका विनोद अधिकारी र भक्तराज जोशीको जोडीले फाइनल भेट पक्का गर्‍यो । भेट्रान ४५ वर्षमाथि पुरुष डबल्समा विद्युतका राजु महर्जन र रत्न श्रेष्ठ तथा विद्युत छविलाल भट्टराई र विष्णु मास्केको जोडीले फाइनलमा स्थान बनायो ।"
महिला फुटबल प्रशिक्षकमा प्याट्रिक डे विल्ड,"काठमाडौँ — अखिल नेपाल फुटबल संघ (एन्फा) ले बिहीबार नेपाली महिला राष्ट्रिय टिमको मुख्य प्रशिक्षकमा बेल्जियमका प्याट्रिक डे विल्ड नियुक्त गरेको छ ।एन्फा महासचिव किरण राईले सातदोबाटोको एन्फा कम्प्लेक्समा भएको कार्यक्रममा सम्झौतामा हस्ताक्षर गरेका छन् । उनी नेपाली महिला राष्ट्रिय टिम सम्हाल्ने दोस्रो प्रशिक्षक हुन् ।एन्फाको प्रशिक्षक छनोट समितिले उनको नाम सिफारिस गरेको हो । डे विल्डले यसअघि नेपाल सुपर लिग (एनएसएल) मा काठमाडौं रेजर्सको मुख्य प्रशिक्षक पद सम्हालेका थिए ।अब उनको नेतृत्वमा नेपाली महिला राष्ट्रिय टिमले एसिया कप छनोट खेल्नेछ । त्यस छनोटको समूह एफ मा नेपाल उज्वेकिस्तान, लाओस र श्रीलंका रहेका छन् ।"
नेपालले मैत्रीपूर्ण अन्तर्राष्ट्रिय फुटबलमा हङकङको सामना गर्दै,"काठमाडौँ — अन्तर्राष्ट्रिय फुटबलमा नेपालका लागि हङकङ त्यस्तो प्रतिद्वन्द्वी रहेको छ, जसको सामना गर्ने अवसर विरलै मात्र जुरेको छ । नेपालले अहिलेसम्म एकै पल्ट मात्र यो टिमविरुद्ध खेलेको छ र यो पनि सन् १९८८ मा । एसियाकप छनोटको काठमाडौंमा भएको त्यो खेल गोलरहित बराबरीमा टुंगेको थियो ।लगभग ३७ वर्षपछि नेपालले आज बिहीबार यही हङकङविरुद्ध खेल्दैछ, यसपल्ट भने उसकै भूमिमा । अहिले नेपाल मुख्य प्रशिक्षक म्याट रसको नेतृत्वमा एसियाकप छनोट खेल्ने तयारीमा छ र त्यस अगाडि हङकङविरुद्धको खेल नेपाली टिम कहाँनिर छ भन्ने जाँच गर्ने अवसर हुनेछ । यो खेललाई लिएर प्रशिक्षक म्याट र कप्तान किरण लिम्बू दुवै उत्साहित छन् ।खेल अगाडि आयोजित प्रि–म्याच कन्फ्रेन्समा रसले भनेका छन्, ‘हामीले हङकङलाई नजिकबाट हेरेका छौं । यो बलियो टिम हो, तर हामीले यसबारे राम्रो अध्ययन पनि गरेका छौं ।’ सो कोन पोस्थित हङकङ रंगशालामा हुने खेल नेपाली समय अनुसार साँझ पौने छ बजे सुरु हुनेछ । यो खेलपछि नेपालको ध्यान लाओसविरुद्ध हुने छनोट खेलमा हुनेछ ।‘हङकङविरुद्धको खेलमा देखिन सक्ने कमजोरीलाई सच्याएर हामी लाओसको समना गर्नेर्छौं,’ रसले भनेका छन् । कप्तान लिम्बूले पनि लाओसको सामना गर्न अगाडि हङकङविरुद्धको खेल राम्रो अभ्यासका रूपमा रहने बताएका छन् । उनले भनेका छन्, ‘हामी हङकङ टिमको सम्मान गर्छौं ।’ नेपाली टिमले बुधबार अबेर हङकङ रंगशाला अभ्यास पनि गरेको थियो ।हङकङले पनि पछिल्लो साता इंग्लिस प्रिमियर लिग क्लब म्यानचेस्टर युनाइटेडसँग अभ्यास खेल खेलेको थियो र त्यसमा टिम ३–१ ले पराजित रहेको थियो । फिफा वरीयतामा हङकङ नेपाल भन्दा २२ स्थान माथि रहेको छ । यही खेलमा नेपाली फरवार्ड अञ्जन विष्टले सर्वाधिक गोलको कीर्तिमान पनि बनाउन सक्ने छन् ।"
कोहलीको आईपीएल सपना १८ वर्षमा पूरा,"अहमदाबाद — विराट कोहली र रोयल च्यालेन्जर्स बेंगलुरुले पहिलो पटक इन्डियन प्रिमियर लिग (आईपीएल) को उपाधि जित्यो पन्जाब किंग्समाथि ६ रनको रोमाञ्चक जित हात पार्दै । साँच्चै कस्तो रह्यो त १८ औं संस्करणको आईपीएल ?एएफपीले तयार पारेको प्रमुख विशेषता यस्ता छन् :अन्ततः कोहली च्याम्पियनदुईपल्टको विश्वकप विजेता कोहलीको खेलजीवन आफैंमा उत्कृष्ट थियो । तर, त्यसमा एउटै कमी थियो आर्ईपीएल उपाधि । अब त्यो पनि पूरा भएको छ । उनी रोए, हाँसे, अनि पहिलो पटक आईपीएल उपाधि उचाले । लगातार १८ औं पटक प्रतियोगिता खेलेर कोहलीले यो सफलता पाएका हुन् । संयोग के भने उनको जर्सी नम्बर नै १८ छ । बेंगलुरुले पहिले ब्याटिङ गर्दै ९ विकेटमा बनाएको १ सय ९० रनमा कोहली ४३ रनसहित व्यक्तिगत उच्च रनकर्ता रहे ।श्रेयसको कप्तानी प्रदर्शनपन्जाबका लागि सबैभन्दा राम्रो खेल्ने खेलाडीमा रहे, कप्तान श्रेयस ऐर । टिमलाई दोस्रोपल्ट आईपीएलको फाइनल पुर्‍याउन उनले निर्णायक प्रदर्शन गरे । उनको ब्याटिङका लागि खेलाडी लिलामीमा पन्जाबले चर्को मूल्य तिरेको थियो । श्रेयसमाथि सबैभन्दा बढी विश्वास देखाउनेमा थिए प्रशिक्षक रिकी पोन्टिङ । श्रेयसले यसपल्ट ६ सय ४ रन बनाए । त्यसमा मुम्बई इन्डियन्सविरुद्ध इलिमिनेटर सनसनीपूर्ण अविजित ८७ रन थियो ।किशोर खेलाडीको सनसनीराजस्थान रोयल्सका १४ वर्षे वैभव सूर्यवंशी यसपल्ट आक्रामक ब्याटिङ गर्दै विश्व क्रिकेटको ध्यान आफूतिर तान्न सफल रहे । उनले आईपीएल डेब्युमै पहिलो बलमा छक्का प्रहार गरे लखनउ सुपर जायन्ट्सविरुद्ध । सूर्यवंशीले पछि गुजरातविरुद्ध शतक बनाए । उनले ३५ बलमै शतक बनाए । त्यसमा सामेल थियो ११ छक्का र ७ चौका । चेन्नई सुपर किंग्सविरुद्धको आफ्नो अन्तिम खेलमा पनि उनले ५७ रन बनाए ।असफल पन्तलखनउ जायन्ट्सले ऋषभ पन्तका लागि कीर्तिमानी रकम खर्चेको थियो । तर, भारतीय विकेटकिपर/ब्याटर त्यसअनुसार प्रदर्शन देखाउन असफल रहे । उनको खास परिचय नै आक्रामक ब्याटिङ थियो तर त्यसको छनक नै दिन सकेनन् । यस्तोमा लखनउ लिग चरणका दुई खेलअगाडि नै प्लेअफ समीकरणबाट बाहिरियो । लखनउको अन्तिम खेलमा उनले आरसीबीविरुद्ध भने शतक बनाए ।तनावबीच प्रतियोगिताभारत र पाकिस्तानबीचको तनावबीच यसपालिको आईपीएल मे ९ मा रोकिएको थियो । त्यतिबेला धर्मशालामा पन्जाब र दिल्ली क्यापिटल्सबीच खेल चलिरहेको थियो । धर्मशालाभन्दा २०० किलोमिटर परको जम्मूमा विष्फोटको आवाज आएपछि खेल रोकिएको थियो । पछि खेलाडी र खेल पदाधिकारीलाई विशेष ट्रेनबाट नयाँ दिल्ली ल्याइएको थियो । मे १७ बाट प्रतियोगिता फेरि सुरु भयो ।"
जर्मनीलाई हराएर पोर्चुगल फाइनलमा,काठमाडौँ — क्रिस्टियानो रोनाल्डोले गरेको निर्णायक गोलको मद्दतले पोर्चुगलले बुधबार जर्मनीलाई २–१ ले पराजित गर्दै नेन्स लिगको फाइनलमा प्रवेश गरेको छ ।यो नतिजासँगै पोर्चुगलले जर्मनीविरुद्धको लामो जितहीन यात्रामा पनि पूर्ण विराम लगाएको छ । खेलको ६८ औं मिनेटमा रोनाल्डोले विजयी गोल गरे र यो उनको कीर्तिमान १ सय ३७ औं अन्तर्राष्ट्रिय गोल रह्यो।जर्मनीले फ्लोरिन विर्टजको गोलले सुरुआती अग्रता लिएपछि फ्रान्सिस्को कोन्सकोउले पोर्चुगलका लागि बराबरी गोल फर्काएका हुन् । पोर्चुगलले यसअघि जर्मनीलाई सन् २००० मा हराएको थियो ।सन् २०१९ को नेसन्स लिग विजेता पोर्चुगलले अब फाइनलमा स्पेन अथवा फ्रान्सको सामना गर्नेछ ।
जोकोभिच कीर्तिमान ग्रान्ड स्लाम उपाधि नजिक,"काठमाडौँ — कीर्तिमान २५औं ग्रान्ड स्लाम उपाधि जित्ने अभियानमा रहेका नोभाक जोकोभिचले बुधबार फ्रेन्च ओपन २०२५ को सेमिफाइनल यात्रा निश्चित गरेका छन्। उनले अन्तिम आठको खेलमा एलेक्जान्डर जेभरेभलाई ४–६, ६–३, ६–२ र ६–४ ले हराए ।अब छैटौं वरीयताका जोकोभिचले फाइनल प्रवेशका लागि विश्व नम्बर १ खेलाडी यानिक सिनरको सामना गर्नेछन् । सिनरले अर्को खेलमा एलेक्जान्डर बुबिलिकलाई ६–१, ७–५ र ६–० ले पराजित गरे ।महिलातर्फ विश्व नम्बर २ अमेरिकी कोका गउफले आफ्नै देशकी खेलाडी म्याडिसन केय्सलाई ६–७, ६–४ र ६–१ ले हराइन् र सेमिफाइनल यात्रा निश्चित गरिन् । अब उनले लोइस बोसननको सामना गर्नेछिन् ।"
आरिफको ब्याटिङमा नेदरल्यान्ड्समाथि नेपालको सानदार जित,"डन्डी, स्कटल्यान्ड — आरिफ शेखको अर्धशतकमा नेपालले विश्वकप क्रिकेट लिग–२ मा बुधबार नेदरल्यान्ड्सलाई ५ विकेटले पराजित गरेको छ । आरिफले खेलको एकमात्र अर्धशतक बनाएपछि नेपालले स्कटल्यान्डमा नेदरल्यान्ड्सलाई स्तब्ध पार्दै जित निकालेको हो । आरिफले ७८ रन बनाएपछि नेपालले डन्डीको फोर्थहिलमा २ सय २६ रनको लक्ष्य ४७.१ ओभरमै पूरा गर्‍यो ।आरिफले ४० औं ओभरमा भिभिएन किङ्माको बलमा प्वाइन्टमाथि छक्का प्रहार गर्दै ८१ बलमा आफ्नो अर्धशतक पूरा गरेका थिए । ४२ औं ओभरमा आरिफले किङ्माको बलमा अर्को छक्का प्रहार गरेका थिए । आरिफले कुल ९९ बल खेली ७ चौका र २ छक्का प्रहार गरी किङ्माकै बलमा आउट भए ।आरिफले ५९ औं एकदिवसीय अन्तर्राष्ट्रिय खेल्दै आफ्नो आठौं अर्धशतक बनाएका हुन् । साथै उनको यो उच्च स्कोर पनि हो । यसअघि ६६ रन उनको व्यक्तिगत उच्च स्कोर थियो । आरिफले दीपेन्द्रसिंह ऐरीसँग ९२ बलमा ८९ रनको ठोस साझेदारी गरे । दीपेन्द्रले ५१ बल खेली ३ चौका प्रहार गरी अविजित ३८ रन बनाए । विजयी छक्का प्रहार गरेका गुलशन झा ४ बलमा ११ रन बनाई नटआउट रहे ।आरिफ शेखआरिफले यसअघि कप्तान रोहित पौडेलसँग चौथो विकेटमा ५५ रनको महत्त्वपूर्ण साझेदारी गरेका थिए । रोहित ३९ बल खेली १ चौका प्रहार गरी २३ रनमा रनआउट भए । आरिफका दाइ आसिफ शेख र कुशल भूर्तेलले यसअघि ३२ रन जोडेर नेपाललाई मध्यम सुरुआत दिलाएका थिए । सातौं ओभरमा पाउल भान मिकेरेनले आसिफलाई बोल्ड गरी नेदरल्यान्ड्सलाई पहिलो सफलता दिलाएका थिए । आसिफले २२ बल खेली ३ चौका प्रहार गरी १९ रन बनाए ।कुशल र भीम सार्कीले दोस्रो विकेटका लागि ३१ रन जोडे । ५ रनको अन्तरमा दुवै ब्याट्सम्यान आउट भएपछि नेपाल संकटमा परेको थियो । यसअघिका १३ एकदिवसीय अन्तर्राष्ट्रिय खेलमा केवल २ विकेट लिएका ब्याटिङ अलराउन्डर माइकल लेभिटले कुशल र भीम दुवैलाई आउट गरेका थिए । भीमले २६ बल खेली १ चौका प्रहार गरी ११ रन बनाए । इन साइड एज लागि बोल्ड भएका कुशलले ४२ बल खेली ५ चौकासहित २५ रन बनाए ।यसअघि टस जितेर पहिला ब्याटिङ गर्ने निर्णय गरेको नेदरल्यान्ड्स ४९.१ ओभरमा २ सय २५ रनमा अलआउट भएको थियो । प्रमुख बलरहरू करण केसी, सोमपाल कामी, सन्दीप लामिछाने र ललित राजवंशीले उत्कृष्ट बलिङ गरेपछि लिग–२ को शीर्षस्थ टोली नेदरल्यान्ड्सलाई नेपालले ठूलो स्कोर बनाउनबाट रोकेको थियो ।सोमपालले ३ विकेट लिए भने करण, सन्दीप र ललितले २–२ विकेट लिए । खेलको दोस्रो ओभर एवं आफ्नो पहिलो ओभरको पहिलो बलमै सोमपालले लेभिटलाई १ रनमा आउट गरे । सोमपालका ओपनिङ जोडी करणले पाँचौं ओभरमा म्याक्स ओ डाउडलाई ४ रनमा बोल्ड गरेपछि नेपालले सुरुआतदेखि नै खेल नियन्त्रणमा राखेको थियो ।कप्तान स्कट इडवार्डसले ४६ रन बनाए । उनले ७१ बल खेली ४ चौका प्रहार गरे । इडवार्डसले विक्रमजित सिंहसँग तेस्रो विकेटका लागि १ सय १ बलमा ७२ रनको साझेदारी गरे । सिंहले ५६ बल खेली २ चौका प्रहार गरी ३८ रन बनाए । उनलाई सन्दीपले आफ्नो पहिलो ओभरमै आउट गरे ।देव्रेहाते स्पिनर ललितले पनि आफ्नो पहिलो बलमै विकेट लिए । २७ औं ओभरमा ललितले इडवार्डसलाई कप्तान रोहितबाट क्याच गराए । ललितले ज्याक लियोन क्याचेटको पनि विकेट लिए । क्याचेतले ३४ बल खेली १ चौका प्रहार गरी २७ रन बनाए । देव्रेहाते तीब्र बलर रिजन ढकालको स्थानमा खेलेका ललितले ७ ओभरमा ३० रन खर्चेर २ विकेट लिए । स्कटल्यान्डविरुद्ध २ विकेट लिए पनि रिजनले १० ओभरमा ७८ रन दिएका थिए ।सन्दीपले तेजा निडामानुरुको विकेट पनि लिए । उनले आफ्नो १० ओभरको स्पेलमा ४८ रन खर्चेर २ विकेट लिए । निडामानुरुले २९ बलमा १३ रन बनाए । सातौं नम्बरमा ब्याटिङ गरेका नोह क्रोजले सर्वाधिक ४८ रन बनाए । ५५ बल खेल्दै ५ चौका प्रहार गरेका उनलाई सोमपालले बोल्ड गरे ।रोइलोफ भान डेर मार्वी २२ बलमा २१ रन बनाई रनआउट भए । करणले १० ओभरमा ३५ रन खर्चे । सोमपालले भिभिएन किङमालाई १ रनमा बोल्ड गरे । सोमपालले ९.१ ओभरमा ४८ रन खर्चे ।यसअघि नेपालले सोमबार आफ्नो पहिलो खेलमा स्कटल्यान्डमाथि १ विकेटको अविश्वसनीय विजय हात पारेको थियो । करण केसीले अविजित ६५ रन बनाएपछि नेपालले २ सय ९७ रनको लक्ष्य अन्तिम बलमा पूरा गर्दै एकदिवसीय अन्तर्राष्ट्रियमा अहिलेसम्मकै ठूलो लक्ष्य पछ्याएको थियो ।लिग–२ को यस यात्रामा १४ खेलमा नेपालको केवल यो चौथो विजय हो । नेपाल १० अंकका साथ सातौं स्थानमा छ । नेदरल्यान्ड्स २० खेलमा २६ अंकका साथ दोस्रो स्थानमा छ र टोली शीर्ष स्थानमा रहेको अमेरिकाभन्दा २ अंकले मात्र पछाडि छ । आठ राष्ट्र सहभागी लिग–२ का शीर्ष चार टोली विश्वकप छनोटमा पुग्ने छन् ।"
वायु प्रदूषणको अवस्था हेर्न ‘ड्यासबोर्ड’ सार्वजनिक,"काठमाडौँ — काठमाडौँ महानगरपालिका क्षेत्रभित्र जडान गरिएका वायु प्रदूषण मापनयन्त्रले प्रदान गरेको तथ्याङ्क हेर्न महानगरपालिकाले ‘काठमाडौँ महानगर वायु गुणस्तर निगरानी ड्यासबोर्ड’ सार्वजनिक गरेको छ ।विश्व वातावरण दिवसका अवसर पारेर बिहीबार ड्यासबोर्ड सार्वजनिक गरिएको हो । ड्यास बोर्डबाट कामपा क्षेत्रका विभिन्न १८ ठाउँमा जडान गरिएका उपकरणले देखाएको पिएम दुई दशमलव पाँच र वायु गुणस्तर सूचकाङ्कको विवरणलाई वास्तविक समयमा हेर्न सकिने कामपा वातावरण व्यवस्थापन विभागका प्रमुख सीता राईले जानकारी दिइन्।यसबाट अहिले कुन ठाउँमा वायुको गुणस्तरको अवस्था के छ भन्ने जानकारी पाउन सकिन्छ, कामपा स्वस्थ्य सहरका लागि थालेका प्रयत्नमध्ये यो एउटा महत्त्वपूर्ण प्रयास हो प्रमुख राईको भनाइ छ ।वायु गुणस्तरको अवस्थालाई विभिन्न छवटा रङले अवस्था सङ्केत गरिएको छ । जसमा हरियो रङ राम्रो अवस्थाको सङ्केत हो । पहेँलो रङ मध्यम, सुन्तला रङ बालबालिका, ज्येष्ठ नागरिक, फोक्सोमा समस्या भएका, मुटुरोग भएका जस्ता वर्गका व्यक्तिका लागि संवेदनशील अवस्था हो । रातो रङले अस्वस्थ्य अवस्थाको सङ्केत गर्छ । यो सबैका लागि अस्वस्थ्य अवस्था हो । खासगरी संवेदनशील वर्गका व्यक्तिहरू यसबाट जोगिनुपर्छ ।वैजनी रङले सबै व्यक्तिको स्वास्थ्यमा गम्भीर हुनसक्ने सङ्केत गरिएको छ । यस्तै गाढा खैरो रङ जोखिमपूर्ण अवस्था हो । यसमा सबै मानिसको स्वास्थ्यमा गम्भीर असर हुनसक्छ । खासगरी पहिले नै समस्या भएकाहरूका लागि बढी असर हुनसक्छ ।कामपा स्वास्थ्य विभागका प्रमुख दीपककुमार केसी भन्छन्, “ड्यास बोर्डबाट प्राप्त हुने तथ्याङ्कले सहरी जनस्वास्थ्य समस्या समाधानका लागि नीति, बजेट तथा कार्यक्रम तर्जुमा गर्न आधार दिनेछ ।”वायु गुणस्तर सूचकाङ्कलाई रङ सङ्केत दिएर स्वास्थ्य सावधानी सूचना बोर्ड राखिने छ । वायु प्रदूषणसम्बन्धी जनचेतनामूलक भिडियो सन्देश राख्ने ठाउँ बोर्डमा छ । यसबाट सवारी साधन प्रदूषण जाँचको प्रगति विवरण हेर्न सकिन्छ ।क्षेत्रपाटी चिकित्सालय, लैनचौर, कलङ्की चोक, बालाजु बाइसधारा उद्यान, परोपकार स्त्री तथा प्रसूति रोग अस्पताल, थापाथली, महानगर प्रहरी बलको क्षेत्रीय कार्यालय नयाँ बसपार्कमा वायु प्रदूषण मापनयन्त्र जडान गरिएका छन् ।"
ठैवमा बिजुलीको पोलले लागेर एक जनाको मृत्यु,"ललितपुर — ललितपुरको ठैवमा विद्युत्को पोल सार्ने क्रममा पोलले लागेर एक जनाको मृत्यु भएको छ ।आज गोदावरी नगरपालिका–१४ स्थित सरस्वतीटार टोलमा बाटो निर्माणको सिलसिलामा जेसीबीले पोल अड्याउन नसक्दा उक्त पोलले थिचिएर स्थानीय ५५ वर्षीय रमेश शाहीको मृत्यु भएको प्रहरी वृत्त बाँडेगाउँका प्रहरी निरीक्षक विक्रम केसीले जानकारी दिए ।उक्त घटनापछि आक्रोशित स्थानीयले जेसीबीको दायाँपट्टिको सिसा फुटाइदिएका छन् । 'घटनास्थलमा ८०–९० जना स्थानीय जम्मा भएका थिए, प्रहरी टोलीले घटनालाई शान्त बनाउने प्रयास गरेको छ । मृतकको शवलाई परीक्षणका लागि पाटन हस्पिटल पठाएका छौँ,' उनले भने ।"
राप्रपाको आन्दोलनले पढाइ प्रभावित भएको भन्दै विद्यालयले लेख्यो प्रजिअलाई पत्र,"काठमाडौँ — राप्रपाको आन्दोलनले विद्यालयको पठपाठन प्रभावित भएको भन्दै सिफलस्थित श्री बाल व्यवसायी केन्द्र माध्यामिक विद्यालयले प्रमुख जिल्ला अधिकारीलाई पत्र लेखेको छ ।मंगलबार विद्यालयले प्रजिअलाई लेखेको पत्रमा राष्ट्रिय प्रजातन्त्र पार्टीले जेठ १५ गतेदेखि सुरु गरेको आन्दोलनका कारण पढाइ प्रभावित भएको उल्लेख छ ।पत्रमा विद्यालय अगाडिको सिफल चौरमा नारा, जुलुस र चर्को आवाजमा साउन्ड आउने गरी विभिन्न गतिविधि भएकाले आन्दोलनको स्थान परिवर्तन गरी विधार्थीहरुले शान्तपूर्व अध्ययन गर्न पाउने बाल अधिकारलाई मनन गरिदिनुहुन अनुरोध गरिएको छ ।विद्यालयले यो पत्रको बोधार्थ गृह मन्त्रालय र महानगरपालिकाको शिक्षा विभागमा पनि पठाएको छ ।"
चिडियाखानाबाट रेड पान्डा चोरेर भाग्न खोज्ने २ जना पक्राउ,"काठमाडौँ — ललितपुरको जावलाखेलमा रहेको सदर चिडियाखानाबाट दुर्लभ जनावर रेड पान्डा (हाब्रे) चोरी गर्न खोज्ने दुई जना पक्राउ परेका छन्। घटनामा संलग्न रहेको आरोपमा प्रहरीले कृष्ण गुरुङ र मोहमद तफिकलाई स्वयम्भूबाट पक्राउ गरेको छ।गत वैशाख ३० गते राति करिब १० बजे चिडियाखानाबाट रेड पान्डा चोरीको प्रयास भएको सूचना पाएपछि प्रहरीले घटनास्थल पुगेर अनुसन्धान थालेको थियो। प्रहरीले घटनास्थलबाट पेचकस, रेड पाण्डा राखिएको झोला, जुत्तालगायतका केही सामग्री बरामद गरेको छ।अनुसन्धानका क्रममा भारतका दुई जना नागरिकसहित काठमाडौंको स्वयम्भू क्षेत्रमा बस्दै आएका मोहमद तफिक नाम गरेका व्यक्ति चिडियाखानामा पटक–पटक घुम्न आउने, सीसीटीभी क्यामेराले नदेखिने ठाउँ, झ्याल र ढोकाबारे जानकारी लिने गरेको अनुसन्धानमा खुलेको छ ।उनीहरूले चिडियाखानाबाट झोलामा हालेर निस्कन खोज्दा रेड पान्डा चिच्याएपछि कर्मचारीले थाहा पाएका थिए । त्यसपछि उनीहरू रेड पान्डालाई निगालो घारीमा छाडेर भागेका थिए । उनीहरूमाथि चोरी उद्योगको आरोपमा मुद्दा दर्ता गरी अदालतबाट ५ दिनको म्याद लिएर थप अनुसन्धान भइरहेको प्रहरीले जनाएको छ।आईयूसीएनले लोपोन्मुख सूचीमा राखेको रेड पान्डालाई साईटिस महासन्धिअन्तर्गतको अनुसूची १ मा राखिएको छ । बाँसका पात खाने यो जीवले स-साना किरा र अन्डा पनि खाने गरेको विभिन्न अनुसन्धानले देखाएको छ ।"
आज पनि उपत्यकामा सशस्त्र प्रहरी बलको निःशुल्क बस सेवा,"काठमाडौँ — काठमाडौं उपत्यकामा सार्वजनिक सवारी साधन बन्दका कारण अप्ठ्यारोमा परेका यात्रुको सहजताका लागि सशस्त्र प्रहरी बल नेपालले  मंगलबार पनि २ वटा बस सञ्चालन गरेको छ ।सशस्त्र प्रहरी बल नेपाल प्रधान कार्यालयबाट सञ्चालन हुने एउटा बस स्वायम्भू, कलंकी, कालिमाटी, त्रिपुरेश्वर, रत्नपार्क हुँदै कोटेश्वरसम्म सञ्चालन हुनेछ भने अर्को बस स्वयम्भू, कलंकी, सातदोबाटो, कोटेश्वर, महाराजगन्ज हुँदै रिङरोड परिक्रमा गर्ने सशस्त्रका सहप्रवक्ता डीएसपी शैलेन्द्र थापाले बताए ।सवारी साधन बन्दका कारण सर्वसाधारण नागरिकहरुलाई गन्तव्यसम्म पुर्‍याउनका लागि सशस्त्र प्रहरी बल नेपालले निःशुल्क बस सेवा सञ्चालन गरेको"
बुद्धिजीवी परिषद्को अध्यक्षमा थपलिया,"काठमाडौँ — नेपाल बुद्धिजीवी परिषद्को अध्यक्ष पदमा इञ्जिनियर गजेन्द्रप्रसाद थपलिया निर्वाचित भएका छन्। गतराति सम्पन्न अधिवेशनले उनीसहित  ९९ सदस्यीय नयाँ कमिटी चयन भएको हो ।  यसैगरी परिषद्को उपाध्यक्षमा गोविन्द्र शाही,सचिव डा अर्जुनकुमार सिंह चयन भएका छन्।अध्यक्ष, उपाध्यक्ष र सचिव पदमा मात्र निर्वाचन भएको जनाइएको छ । अधिवेशनले महिला उपाध्यक्षमा राधा अधिकारी, महासचिव दीपेन्द्र श्रेष्ठ, उपमहासचिव सुशील विक, विदेशी मामिला सचिव डा लाक्पा शेर्पा, प्रचार सचिव डा टीका ढकाल तथा आर्थिक सचिव कृष्णकुमार लम्साल सर्वसम्मत चयन गरेको छ ।प्रधानमन्त्री केपी शर्मा ओलीले गत शनिबार परिषद्को ११औँ राष्ट्रिय अधिवेशनले उद्घाटन गरेका थिए।"
सार्वजनिक सवारी साधन बन्द भएपछि काठमाडौंमा प्रहरीले थाल्यो नि:शुल्क बस,"काठमाडौँ — यातायात व्यवसायीका कारण सार्वजनिक यातायात बन्द भएपछि नेपाल प्रहरीले काठमाडौंमा दुई वटा बस सञ्चालनमा ल्याएको छ ।नेपाल प्रहरीका प्रवक्ता प्रहरी वरिष्ठ उपरीक्षक रमेश थापाका अनुसार सर्वसाधारणको सुविधाका लागि नि:शुल्क रूपमा दुई बस सञ्चालनमा ल्याइएको हो ।प्रहरीले रुट १ अन्तर्गत नक्साल, बालुवाटार, टिचिङ, चक्रपथ, नयाँ बसपार्क, बालाजु, स्वयम्भू, कलंकी बल्खु, सातदोबाटो, लगनखेल, जावलाखेल, थापाथली, माइतीघर, पुतलीसडक, जय नेपाल हलमा एउटा र रुट २ अन्तर्गत नक्साल, रातो पुल, गौशाला, एयरपोर्ट कोटेश्वर, ठिमी, सल्लाघारी, सूर्यविनायक, चाबहिल, सुकेधारा, चक्रपथ, टिचिङ र बालुवाटार क्षेत्रमा अर्को बस सञ्चालनमा ल्याएको हो ।व्यवसायीको आन्दोलनले काठमाडौँ उपत्यकामा पनि लामो तथा छोटो दुरीका सार्वजनिक सवारी साधन चलेका छैनन् । काठमाडौँ उपत्यकाका सडकमा साझा यातायात, निजी मोटरसाइकल, कार र केही ट्याक्सीहरू मात्र चलेको देखिन्छ ।काठमाडौँ उपत्यका ट्राफिक प्रहरी कार्यालयका प्रवक्ता प्रहरी उपरीक्षक दीपक गिरीका अनुसार सार्वजनिक बस, माइक्रो बस र टेम्पो चलेका छैनन् । घोषित कार्यक्रम अनुसार नै व्यवसायीले कालो नम्बर प्लेटका सवारी साधन नचाएपछि सधैं व्यस्त हुने काठमाडौँका सडक बिहानैदेखि सुनसान देखिन्छन् ।यद्यपि काठमाडौँका बस स्टपहरूमा यात्रीहरू गाडीको प्रतीक्षा गरिरहेको देखिन्छ । कोही पठाओ, इन्ड्राइभ लगायतका राइड सेयरिङमा र कोही हिँडेरै गन्तव्यमा गइरहेका छन् ।गण्डकी प्रदेश सरकारले संविधानविपरीत राइड सेयरिङ नियमावली ल्याएको भन्दै यातायात व्यवसायीले ७ बुँदे मागसहित सोमबार देशैभरीका सार्वजनिक यातायात चलाएका छैनन् ।"
नमुना संयुक्त राष्ट्रसंघीय अभ्यास सम्पन्न,काठमाडौँ — संयुक्त राष्ट्रसंघको अभ्यासमार्फत युवाहरुको नेतृत्व विकास गर्ने उद्देश्यले राष्ट्रिय युवा परिषद‌्‌ले सञ्चालन गरेको नमुना संयुक्त राष्ट्रसंघीय अभ्यास कार्यक्रम सकिएको छ । कार्यक्रम बुधबार उपप्रधान तथा सहरी विकासमन्त्री प्रकाशमान सिंहले ललितपुरमा उद्घाटन गरेका थिए ।चार दिवसीय नमुना संयुक्त राष्ट्रसंघीय अभ्यासमा सहभागी युवाहरुलाई पाँच समितिमा विभाजन गरी विभिन्न कार्यसूचीहरूमा छलफल गराइएको थियो । नमुना संयुक्त राष्ट्रसंघ सुरक्षा परिषद्‌अन्तर्गत भोकमरी रोकथाम र गाजामा मानवीय सहायता पहुँच सुनिश्चित गर्ने एजेण्डामा छलफल भएको राष्ट्रिय युवा परिषद‍्का कार्यकारी उपाध्यक्ष सुरेन्द्र बस्नेतले जानकारी दिए ।नमुना संयुक्त राष्ट्रसंघ महिला संगठनअन्तर्गत महिलाहरू तथा किशोरीहरूको प्रविधिको माध्यमबाट हुने मानव तस्करी र यौन शोषणको सामना गर्न अन्तर्राष्ट्रिय कानुनी संरचना र सहकार्यलाई सुदृढ बनाउने विषयमा छलफल गराइएको नमुना युवा महासचिव दिवससिह खड्काले जनाए ।यसैगरी नमुना संयुक्त राष्ट्रसंघ शरणार्थी उच्चायुक्त कार्यालय अन्तर्गत लामो समयदेखि विस्थापित अवस्थामा रहेका मानिसहरूको संरक्षण र मानवीय सहायता पहुँचलाई सुदृढ बनाउने विषयमा छलफल भएको थियो ।नमुना संयुक्त राष्ट्रसंघ खाद्य तथा कृषि संगठन अन्तर्गत विकासशील मुलुकहरूमा जलवायु अनुकूल तथा दिगो कृषि प्रणालीमार्फत खाद्य सुरक्षा र पोषण सुदृढ गर्ने एजेण्डामा छलफल भएको थियो ।ज्येष्ठ १४ बाट १७ गतेसम्म चलेको अभ्यास कार्यक्रममा देशभरका ७५ जिल्लाबाट (१६–२४) उमेर समूहका सय जना युवा सहभागी थिए ।
भक्तपुर–नगरकोट सडक स्तरोन्नति,"भक्तपुर — भक्तपुरको प्रमुख पर्यटकीय गन्तव्य नगरकोट जाने मुख्य मार्गका रूपमा रहेको भक्तपुर–नगरकोट सडक चाँगुनारायण नगरपालिकाले पुनर्निर्माण एवं स्तरोन्नति सुरु गरिएको छ । गत वैशाखदेखि चाँगुनारायण नगरपालिकाले आयोजना सुरु गरेको नगरकोट भ्रमण वर्ष–२०८२ लाई लक्षित गर्दै नगरपालिकाले आफ्नो आन्तरिक स्रोतबाट व्यवस्थापन गर्नेगरी भक्तपुर–नगरकोट सडक स्तरोन्नति कार्य सुरु गरेको हो ।नगरपालिकाले सडक निर्माणका लागि भक्तपुर नगरकोटसम्मको १५ किलोमिटर सडकखण्ड स्तरोन्नति आफ्नै आन्तरिक स्रोतबाट गर्नेगरी बोलपत्र आह्वान गर्दै १७ करोडमा ठेक्का सम्झौता गरी स्तरोन्नति एवं पुनर्निर्माण सुरु गरेको हो ।एक्जिम बैंक इन्डियाको ऋण सहयोगमा नेपाल सरकारसँग २०७३ असार ३ गतेसम्म सम्पन्न गर्नेगरी २०७१ जेठ २२ गते शैलुङ कन्स्ट्रक्सन र भारतीय कम्पनी अराभली इन्फ्रापावर लिमिटेडले संयुक्त निर्माण गर्नेगरी रु २७ करोडमा ठेक्का सम्झौता गरेको थियो ।सम्झौता गरेको ११ वर्षमा १०औँ पटक म्याद थप गरेर लागत बढाउँदै रु ३१ करोड पुर्‍याउँदा पनि विभिन्न बाहना गर्दै सडक निर्माण सम्पन्न नगरेपछि गत पुस अन्तिम साता सडक सुधार तथा विकास परियोजना निर्देशनालयले उक्त सडकको ठेक्का सम्झौता रद्द गर्ने निर्णय गरेको थियो ।नगरप्रमुख खत्रीले भने, 'चाँगुनारायण नगरपालिकाले आयोजना गर्ने नगरकोट भ्रमण वर्ष नगरकोटको मात्र नभई सिङ्गो देशको महोत्सव हो, यहीँ सडकका कारणले महोत्सवमा समस्या आउन दिनु हँदैन । मैले जनतासँग प्रतिबद्धता गरेको छु, त्यो प्रतिबद्धता पूरा गर्दै भ्रमण वर्ष सफल पार्न नगरपालिकाले नै सडक स्तरोन्नति गर्न ठेक्का सम्झौता गरी अब आसप्लान्ट पिच (कालोपत्र) गर्न बेस बिछ्याउने काम सुरु गरेका छौँ ।'सरकारले लगाएको ठेक्का ११ वर्षसम्म पूरा नभएर सडक अलपत्र पारेको पीडा जनताले धेरै भेगकाले यो सडकलाई पूरा गर्न भक्तपुर– नगरकोट सडकको स्तरोन्नति आवश्यक रहेको उनले बताए। केन्द्रीय सरकारले यो सडक पुनः स्तरोन्नति गर्न यस वर्ष बजेट नभएको र प्रक्रियामा जाँदा प्रक्रिया पूरा गर्नै लामो समय लाग्ने मन्त्रालयले जनाएपछि नगरपालिका आफैँले कालोपत्र गर्न लागेको नगरप्रमुख खत्रीले बताए।उनले भने, “सम्बन्धित मन्त्रालयसँग र सडक विभागसँग छलफल गरेरै काम थालनी गरेका हौँ । नगरकोट आउने पर्यटकलाई सहज हुनेगरी खाल्डो पुर्ने र सडकको स्तरोन्नति गरेर कालोपत्र गर्छौँ । सडकको पेटी बनाउने, ड्रेन बनाउने र बाँकी अरु काम केन्द्रीय सरकारले गर्नेगरी छलफल भएको छ । त्यसैले कालोपत्रका लागि ठेक्का सम्झौता गरेका हौँ।'शैलुङ्ग कन्स्ट्रक्सनले अलपत्र छाडेको सडकमा नगरपालिकाले नगरकोटबाट सडकको लेबल मिलाएर गाइबे्रल हाल्दै बेस मिलाउने काम सुरु भइसकेको र त्यसमाथि आसप्लान्ट कालोपत्र गरिने बताए। उनले एक महिनाभित्र सडकका सबै निर्माण सम्पन्न गरिने बताए।त्यसैगरी बागमती प्रदेश सरकारको रु ५९ करोडको लागतमा भक्तपुर नगरपालिकाको डेकाचादेखि चाँगुनारायण हुँदै काठमाडौँको साँखु नौ किलोमिटर सडक कालोपत्र सुरु भएको छ ।"
रातो मच्छेन्द्रनाथको भोटो आज देखाइँदै,"काठमाडौँ — वर्षा र सहकालका देवता रातो मच्छेन्द्रनाथको भोटो आज देखाइने भएको छ। भोटो जात्रालाई करिब आठ सय वर्षअघिसम्म जावलाखेल जात्रा भनिन्थ्यो। जा(भात) वला (छर्ने) भएकाले यसलाई जावलाखेल जात्रा भन्ने गरिएको रातो मच्छेन्द्रनाथको भोटो जात्राको साइत हेर्ने काममा सक्रिय हुँदै आएका नेपाल पञ्चाङ्ग निर्णायक विकास समितिका पूर्वसदस्य कीर्तिमदन जोशीले जानकारी दिए।भूत, प्रेतलाई खाना दिन यो जात्रा गरिएको विश्वास छ। भोटो जात्रा सुरु भएको यकिन तिथिमिति अहिलेसम्म पत्ता नलागेको उनले बताइन्।मच्छेन्द्रनाथको यात्रा भने करिब एक हजार ३०० वर्ष अघि नै सुरु भएको हो । किंवदन्तीअनुसार यो यात्रा सुरु भइसकेपछि नागराज कर्कोटककी रानीको आँखा दुख्यो । कर्कोटक वैद्यको खोजीमा लागे । खेतमा काम गरिरहेका किसानलाई वैद्य ठानी नागलोक अर्थात् टौदह लगे ।डराएका किसानले मच्छेन्द्रनाथको प्रार्थना गरी हात माडेर मयललाई औषधिका रुपमा कर्कोटकलाई दिए । औषधिले रानीको आँखा दुख्ने रोग निको भयो । पुरस्कारस्वरुप मणि माणिक्यले युक्त भोटो किसानलाई दिएर मनुष्यलोकमा फर्काइयो । किसानले भोटो खेतको डिलमा राखेर काम गर्न थाले ।मनुष्यरुपी भूत आएर भोटो लग्यो । किसानले खोजे, पाएनन् । मच्छेन्द्रनाथको जात्रा हेर्न जाँदा आपूmले पुरस्कारस्वरुप पाएको भोटो मनुष्यका रूपमा आएको भूतले लगाएको देखेर किसानले दाबी गरे । भूतले दिन नमानेपछि विवाद भयो । कर्कोटक नागलाई समेत बोलाएर सोधखोज गरियो । अन्तिममा भोटोको अधिकारी दुवै हुन नसक्ने निष्कर्ष निकाली मच्छेन्द्रनाथको जिम्मा लगाइयो ।आधिकारिक प्रमाणसहित आउनेलाई भोटो दिन रातो मच्छेन्द्रनाथको रथ यात्रा सकेपछि भोटो जात्रा गर्ने परम्परा बस्यो । त्यो वर्षदेखि प्रत्येक साल साइत हेरेर भोटो देखाउने गरिएको जनविश्वास छ । अहिलेसम्म कसैले प्रमाण जुटाएर भोटो लैजान नसकेको किंवदन्ती छ ।पछिल्लो समय गुठी संस्थान ललितपुरका प्रतिनिधिले राष्ट्राध्यक्षको उपस्थितिमा भोटो देखाउने जात्रा गरिँदै आएको छ । यस अवसरमा सरकारले आज काठमाडौँ उपत्यकामा सार्वजनिक बिदा दिएको छ ।"
कमल हासनको फिल्म ‘ठग लाइफ’ कर्नाटकमा प्रतिबन्ध,"काठमाडौँ — अभिनेता कमल हासनको फिल्म ‘ठग लाइफ’अहिले प्रदर्शन भइरहेको छ । मणिरत्नले निर्देशन गरेको यो फिल्म यतिबेला बलिउडमा विवादमा फसेको छ । कर्नाटक राज्यमा यो फिल्म प्रतिबन्ध लगाइएको छ ।कमल हासनको एक विवादास्पद भनाइका कारण फिल्ममा प्रतिबन्ध लगाइएको हो । उनले कन्नड भाषा तमिलबाट उत्पन्न भएको हो भन्ने अभिव्यक्ति दिएका थिए । यहीकारण कर्नाटकमा फिल्ममाथि प्रतिबन्ध लगाइएको हो ।फिल्मको चेन्नईमा भएको एक कार्यक्रममा भाषण दिँदै कन्नड भाषालाई तमिलबाट उत्पन्न भएको बताएपछि कमलमाथि आलोचना भइरहेको छ । ‘मेरो जीवन र मेरो परिवार तमिल हो । तपाईंहरूको भाषा (कन्नड) तमिलबाट जन्मिएको हो । त्यसैले तपाईंहरू पनि हामीसँगैका हौं,’ उनले भनेका थिए ।यो भनाइ सामाजिक सञ्जालमा भाइरल भएपछि कर्नाटकमा प्रोकन्नड समूहहरूले विरोध जनाए । कमल हासनविरुद्ध उजुरी पनि पर्‍यो । कमल हासनले माफी माग्न अस्वीकार गरेपछि उक्त राज्यमा फिल्म प्रतिबन्धित गरियो ।कमल हासनले कर्नाटक फिल्म चेम्बर अफ कमर्सलाई पत्र लेख्दै आफ्नो भनाइलाई गलत ढंगले बुझिएको बताएका छन् । उनले लेखेका छन्, ‘म दुःखी छु । किनकि मैले ‘ठग लाइफ को अडियो लञ्चमा दिएको अभिव्यक्ति गलत अर्थमा लिइयो । त्यो भनाइ डा. राजकुमारको परिवार, विशेषगरी शिवराजकुमारप्रति मेरो स्नेहको अभिव्यक्ति थियो । मेरो उद्देश्य हामी सबै एउटै परिवारका हौं भन्ने सन्देश दिनु थियो, कन्नड भाषालाई कुनै पनि रूपमा गलत ठान्नु होइन । कन्नड भाषाको समृद्ध परम्परामा कुनै विवाद छैन ।’"
‘सबैलाई छोडेर’ गीतमा प्रियंकाको अभिनय,काठमाडौँ — नेपाल भाषाका गायक सज्जु मानन्धरको स्वरमा रहेको ‘सबैलाई छोडेर’ बोलको गीतको रिमेक भिडियो सार्वजनिक गरिएको छ । काठमाडौंको रन्जना सिनेप्लेक्समा एक कार्यक्रमबीच भिडियो सार्वजनिक गरिएको थियो ।वरिष्ठ गीतकार तथा कार्यक्रमका सभापति दिनेश अधिकारीले २५ वर्षअघि निर्माण गरिएको म्युजिक भिडियो परिमार्जित गरेर निर्माण गर्दा झनै उत्कृष्ट बनेको सुनाए ।गीतमा दुई दशकअघिका कलाकार र निर्देशकलाई नै दोहोर्‍याइएको छ । २०५५ सालदेखि गायनमा सक्रिय सज्जुले आफ्नो पहिलो गीतलाई नयाँ रूप र सोचसहित पुनः निकालेको बताए । उनले राम्रो गीत अझ परिष्कृत गरेर प्रस्तुत गरेकाले समर्थकबाट आफूले ठूलो अपेक्षा राखेको बताए ।दुई दशकअघि निकालिएको रागिनी वन एल्बमको पहिलो गीतका रूपमा ‘सबैलाई छोडेर’ रहेको थियो । ओआरएस डिजिटलमा सार्वजनिक भएको गीतको प्रस्तुतकर्तामा दिलबहादुर मानन्धर छन् । पहिलो गीतमा अभिनय गरेका कलाकार विन्दे महर्जन रिमेक गीतमा पनि दोहोरिएका छन् । नायिकामा प्रियंका कार्कीको बेजोड अभिनय छ । पहिलो गीतको निर्देशन गरेका कृष्णदेव रुपाखेती रिमेक गीतको पनि निर्देशक छन् । गीतमा डा. राजु मानन्धरको शब्द र जुगल डंगोलको संगीत रहेको छ ।निर्देशक रुपाखेलीले २५ वर्षपछि फेरि उही गीतको भिडिओ निर्देशन गर्न पाउँदा नौलो अनुभव भएको बताए । उनले विविध कारणले २५ वर्षअघिकी नायिकालाई भने भिडिओमा समावेश गर्न नसकिएको स्मरण गराए ।
यी हुन् सगरमाथा आरोहण गर्ने तीन अभिनेत्री,"काठमाडौँ — गत २५ मेमा अभिनेत्री तथा डान्सर कविता नेपालीले सगरमाथा र ल्होत्से हिमालको सफल आरोहण गरिन् ।कविता डान्सिङ्ग रियालिटी शो विजेतासमेत हुन् । थुप्रै म्युजिक भिडियो खेलिसकेकी कविताले पछिल्लो समय फिल्म ‘एक्लो’मार्फत फिल्म क्षेत्रमा डेब्यू गरेकी हुन् ।दुई हिमालको सफल आरोहणपछि कविताले सामाजिक सञ्जालमा लेखेकी थिइन्, ‘यो यात्रा केवल शिखरहरूको बारेमा थिएन, यो सपना देख्नेहरू, गर्नेहरू र सीमाहरूमाथि उठ्ने साहस गर्नेहरूका लागि थियो ।सबैभन्दा महत्त्वपूर्ण कुरा मैले यसलाई जितिनँ, म यो जितभन्दा माथि थिएँ । म एक व्यक्तिका रूपमा हुर्किएँ । मैले सिकें र आफ्नै टुक्राहरू फेला पारेँ । जुन कतै हराइरहेको मलाई कहिल्यै थाहा थिएन ।’आरोहणबाट फर्केर सकारात्मक सन्देश फैलाइरहेकी कवितालाई फिल्म क्षेत्रमा बधाईको ओइरो लागेको छ । अभिनेत्री निशा अधिकारीले बुधबार फेसबुक पोस्टमार्फत उनलाई बधाई दिँदै फिल्म क्षेत्रमा सगरमाथा आरोहण गर्ने तीन अभिनेत्री भएकोमा खुसी व्यक्त गरिन् । ‘प्रिय कविता,सगरमाथा आरोहीहरूको दुर्लभ र उल्लेखनीय व्यक्तिहरूमा तपाईंलाई स्वागत गर्न पाउनु कति सम्मानको कुरा हो ! तपाईंको साहस, शक्ति र यात्रा प्रेरणादायी भन्दा कम छैन ।’उनले एउटै उद्योगका तीन महिलालाई संसारको शिखरमा उभिएको देख्नु अविश्वसनीय रहेको बताइन् । आगामी साहसिक कार्यहरूको लागि पनि उनले शुभकामना दिइन् ।कविताभन्दा अघि नेपाली फिल्म क्षेत्रमा निशा र अर्की अभिनेत्री दिया पुनले पनि सगरमाथाको सफल आरोहण गरेका थिए । यसको सुरुवात भने निशाले गरेकी थिइन् । निशाले गत ०७० सालमै सगरमाथा आरोहण गरेकी थिइन् । त्यतिबेला सगरमाथामा पाइला टेक्ने पहिलो नेपाली नायिका भएको भन्दै उनलाई थुप्रै बधाई आएका थिए ।०७० चैत २७ गते १२ जना आरोहण दलको टोलीसहित सगरमाथाको यात्रा थालेकी अधिकारी आरोहीको सहयोगीको रुपमा सगरमाथा उक्लेकी थिइन् ।निशा पछि त्यो हिम्मत अभिनेत्री दिया पुनले राखेकी थिइन् । उनले ०७९ जेठमा सगरमाथाको चुचुरोमा पाइला राखेकी थिइन् । ४२ लाख रुपैयाँ खर्च गरेर दीयाले तीन च्यारिटी उद्देश्यले सगरमाथा चढेकी थिइन् ।फिल्म वृत्तमा महिला फिल्मकर्मीहरूलाई निशा, दीया र कविताका सफल आरोहणले थप हौसला प्रदान गरेको छ ।"
‘धमाल ४’मा अजय देवगनसँग देखिँदैछिन् ईशा,"काठमाडौँ — बलिउड अभिनेत्री ईशा गुप्ता फेरि ठूलो पर्दामा जबर्जस्त देखिने भएकी छन् ।यसपटक उनी कमेडी फिल्म ‘धमाल ४’मा देखिने भएकी हुन् । यो फिल्ममा उनले अभिनेता अजय देवगनसँग स्क्रिन सेयर गर्नेछिन् ।फिल्मलाई इन्द्र कुमारले निर्देशन गर्दैछन् । ईशा बलिउड जगतमा आत्मविश्वासी र अभिनय कौशलताका कारण चर्चित छिन् ।‘धमाल’को नयाँ सिक्वेलमा उनको कामलाई लिएर प्रशंसकहरू प्रतीक्षा गरिरहेका छन् । ‘धमाल ३’मा उनले आफ्नो शैलीका कारण दर्शकहरूलाई प्रभावित पारेकी थिइन् । ‘उनी यो फिल्ममा जोडिँदा हामी धेरै खुसी छौं, ‘ निर्देशक इन्द्र कुमारले भने, ‘ उनी धमाल ३ को पनि हिस्सा थिइन् । उनी एक उत्कृष्ट अभिनेत्री र अद्भुत कलाकार हुन् । उनीसँग काम गर्नु सधैं सुखद् अनुभव हुन्छ ।’हालै मात्र ईशाले हनी सिंह र जुबिन नौटियालसँग ‘ब्राउन आइज वाली’ र ‘इश्क मेरा’जस्ता म्युजिक भिडियोहरूमा काम गरेकी थिइन् ।"
'आमा' बोलको गीत सार्वजनिक,"काठमाडौँ — फिल्म 'जनै हराएको मान्छे : सम्बन्धका धागाहरु'को नयाँ गीत सार्वजनिक भएको छ । अर्जुन पोखरेलको शब्द/रचना, संगीत र स्वरमा ‘आमा’ बोलको गीत सार्वजनिक भएको हो । गीतमा अर्जुनसँगै मनिषा सुनारको पनि आवाज छ ।गीतमा मुख्य कलाकारले घर छोड्दादेखि सहरमा गरेको संघर्ष देखाइएको छ । गीतको भिडियोमा मुख्य कलाकार विजय बराल, केकी अधिकारी, मिरुना मगर, शुशांक मैनाली, कविता आलेलगायतको अभिनय छ । यो फिल्म भदौ ६ देखि प्रदर्शनमा आउँदैछ । फिल्म अहिले पोस्टप्रोडक्सनमा छ । फिल्मलाई काठमाडौं, ललितपुर, भक्तपुर र काभ्रेमा छायांकन गरिएको हो ।हिमाल न्यौपानेको निर्देशन रहेको फिल्ममा अन्य कलाकारहरु रियर राई, कविता आले, तारा शर्मा, भावना खपांगी मगर, रुपेश लामा, सुमन थापा, सृष्टि खड्डी, निरु खड्का गौतम, सुवास सिंह ठकुरीको अभिनय छ ।फिल्मको कथा, पटकथा र संवाद भानुभक्त ढकालले लेखेका हुन् ।"
‘पिके २’ मा रणवीरको चर्चा,"काठमाडौँ — अभिनेता रणवीर कपुर ‘एनिमल’ पछि अर्को फिल्मको तयारीमा छन् । यद्यपि उनले पहिले नै नितेश तिवारीको ‘रामायण’को काम गरिसकेका थिए ।उक्त फिल्म आगामी सन् २०२६ को तिहारमा रिलिज हुनेछ । त्यस अघि उनको फिल्म ‘लभ एण्ड वार’ रिलिज हुनेछ । केही दिनअघि मात्रै उनी ‘धूम ४’मा पनि देखिने चर्चा थियो ।यतिबेला रणवीरसँग थुप्रै फिल्म पाइपलाइनमा छन् । तय भएका सबै फिल्महरूपछि उनले ‘एनिमल पार्क’मा काम गर्नेछन् । यसबीच रणवीर आमिर खानसँग पनि सहकार्य गर्ने चर्चा छ ।भारतीय सञ्चारमाध्यमका अनुसार आमिर खान, राजकुमार हिरानी र अभिजीत जोशीले ‘पिके २’को प्लटमा काम गरिरहेका छन् । यो फिल्ममा रणवीर पनि जोडिने सम्भावना छ । उनीहरूले दादा साहेब फाल्केको बयोपिकपछि यो फिल्ममा काम सुरु गर्ने अनुमान छ ।रणवीर पिकेको पहिलो भागमा गेस्ट अपियरेन्समा थिए । दोस्रो भागमा भने उनको भूमिका थप महत्वपूर्ण हुने जनाइएको छ । रणवीर पनि एलियनको भूमिकामा काम गर्न उत्साहित भएको भारतीय सञ्चारमाध्यमहरूले उल्लेख गरेका छन् ।०१४ मा रिलिज भएको फिल्म ‘पिके’ले विश्वभरबाट ७ सय ९२ करोडको व्यापार गरेको थियो । फिल्मको पहिलो भागमा अनुष्का शर्मा पनि देखिएकी थिइन् ।"
'द ब्लु लाइट'को शुभमुहूर्त,"काठमाडौँ — २० दिनको छायांकन तालिकासहित फिल्म 'द ब्लु लाइट'को शुभमुहूर्त गरिएको छ । काठमाडौंको कमलादीस्थित गणेश मन्दिरमा शुभमुहूर्त गर्दै निर्माण टिमले २२ गतेबाट फिल्मको छायांकन थाल्ने जनाएको छ ।बलिराम चौहानले फिल्मलाई निर्देशन गर्दै छन् । उनी प्रदर्शनको तयारीमा रहेको फिल्म 'बलिदान'को लेखक तथा मुख्य सहायक निर्देशक हुन् । यो फिल्ममा अर्पण थापा, महेश त्रिपाठी, आयुसमान देशराज जोशी, बेनिशा हमाल, सृष्टि श्रेष्ठ, सुरक्षा इटानीको अभिनय रहनेछ । स्काइफल पिक्चर्सको प्रस्तुति रxने फिल्मलाई नरेन्द्र मैनालीले खिच्नेछन् ।फिल्मलाई सन् २०२५ भित्रै प्रदर्शन गर्ने तयारी छ ।"
रंगमञ्चमा पनि 'विद्रोही' रेखा,"काठमाडौँ — अभिनेत्री रेखा थापाको अभिनय रहेको नाटक 'मीरा' मञ्चनमा आएको छ । गैरीधारामा अवस्थित कान्तिपुर फिल्म एकेडेमीमा खुलेको नयाँ कान्तिपुर थिएटरमा यो नाटक जेठ १९ देखि असार ७ सम्म मञ्चनमा आउनेछ ।दीपक सिंजालीद्वारा लिखित पुस्तक 'मीरा'माथि बनेको यो नाटकलाई रंगकर्मी सुन्दर धितालले निर्देशन गरेका हुन् । धितालकै परिकल्पनामा तयार भएको नाटकलाई रमेश पुरीले निर्माण गरेका हुन् । नाटकमा अभिनेत्री रेखासँगै विशाल पहारी, विन्दा खतिवडा, विशाल देवकोटा, गीत विष्ट, डोरेश खतिवडा, उन्नत उप्रेती र सुनिल खड्काको अभिनय छ ।लामो समय फिल्म क्षेत्रमा एकछत्र राज गरेकी रेखाको यो पहिलो नाटक हो । नाटकमा उनी मीराको भूमिकामा देखिएकी छन् । नाटकमा बालसखा मीरा र कृष्णको प्रेमकथा र त्यही प्रेममा परिवारको अर्को सम्बन्ध कसरी बाधक बनिदिन्छ भन्ने प्रस्तुत गरिएको छ । नाटकमा दुईबीचको प्रेम मात्रै नभई, प्रेमका लागि गरिएको पर्खाइ, तड्पन र त्यसले दिएको पीडा देखाइएको छ ।मञ्चमा विशाल खतिवडा कृष्णका रुपमा देखिएका छन् । नाटकमा रेखाले सशक्त, विद्रोही महिलाको भूमिकामा अभिनय गरेकी छन् । यसअघि उनले 'हिम्मतवाली', 'रामप्यारी', 'काली'जस्ता फिल्ममा यस्तै भूमिका निर्वाह गरेकी थिइन् ।यो नाटकमा उनले किशोरीदेखि जवान महिलाको भूमिका गरेकी छन् । अहिले धेरैले रेखालाई रंगमञ्चको डेब्यूका लागि बधाई दिइरहेका छन् । रेखाले भने नाटकलाई नयाँ अध्यायको रुपमा व्याख्या गर्दै आएकी छन् ।"
अमेरिकामा नेपथ्य : नेपाल र भुटानका झन्डासहित पिटर्सबर्गमा झुमे दर्शक,"पिट्सबर्ग (पेन्सिलभानिया) — नेपथ्यको कन्सर्टमा दुई चिज छुट्दैनन्– एउटा ‘रातो र चन्द्रसूर्जे’ गीत र अर्को जताततै नेपाली राष्ट्रिय झन्डा ।पिटर्सबर्गको ‘रक्सिन थिएटर’ मा शनिबार राति कन्सर्ट चलिरहँदा भने अर्को झन्डा पनि देखियो । त्यो थियो– पहेँलो र गेरु रङमाथि सेतो ड्रागन अंकित भुटानको राष्ट्रिय झन्डा ।पुनर्वास गराइएका भुटानीको उल्लेख्य संख्या हलमा देखेपछि गायक अमृत गुरुङले मञ्चबाटै आह्वान गरे– ‘विगतलाई बिर्सनु हुँदैन तर माफ गरेर अघि बढ्ने हौसलाचाहिँ राख्नैपर्छ । हामी संसारभरि फैलिएका नेपालीलाई आपसमा जोड्ने यही भाषाले हो । यो सद्भाव सदैव कायम रहोस् । कसैले कसैमा द्वेष नराखी अगाडि बढ्नुस् है ।’प्रत्युत्तरमा दर्शकले केही बेरसम्मै ताली बजाए ।चार्टियर्स एभेन्युमा छरिएका दर्शकका निम्ति निर्धारित समयअनुसारै बेलुकी ८ बजे हलका ढोका खोलिएका थिए भने त्यसको ठिक एक घण्टामा मञ्चमा अमृत र उनको टिम उपस्थित भएको थियो । ‘कोशीको पानी यो जिन्दगानी’ गीतबाट कन्सर्ट सुरु भएको थियो । त्यसलाई ‘भेडाको ऊनजस्तो’ र ‘छेक्यो छेक्यो’ले निरन्तरता दियो ।मञ्च र दर्शकदीर्घा दुवैतर्फको उत्साह र उत्तेजनाले सुरुवातदेखि नै आपसमा एक किसिमको बन्धन विकास हुँदै गएको देखिन्थ्यो ।दर्शकको समूहमा थिइन् ७३ वर्षीया पेग्गी स्टर्लिङ । सानै उमेरमा जर्मनीबाट अमेरिका आएकी पेग्गीको फरक–फरक कन्सर्टमा उपस्थिति जनाउने बानीजस्तै छ । सक्रिय उमेर छँदा उनी पतिका साथ यस्ता सांगीतिक जमघटमा खोजी–खोजी जान्थिन् ।‘श्रीमान्‌को २० वर्षअघि निधन भएपछि म एक्लैले त्यस बानीलाई निरन्तरता दिएँ,’ उनले सुनाइन्, ‘नेपालको ब्यान्ड आउँदै छ भन्ने थाहा पाएपछि गुगलमा नेपथ्यबारे जानकारी लिएँ र यसरी आज हलसम्म आइपुगेकी छु ।’इन्टरनेटबाट जानकारी लिएको ब्यान्डसँग के अपेक्षा गर्ने भन्ने खासै थाहा नपाएरै आउँदा पनि कन्सर्टमा आफूले भरपुर मनोरञ्जन लिएको प्रतिक्रिया उनले दिइन् । ‘भाषै नबुझे पनि छेउछाउका सबैले मनोरञ्जन लिइरहेको माहोलले नै रमाइलो बनाउँदो रहेछ,’ पेग्गीले थपिन्, ‘त्यसो त धुन र परिवेशले शरीरलाई तरंगित पारिरहँदा भाषा खासै आवश्यक पनि पर्दैन ।’समग्रमा नेपथ्यको प्रस्तुति सबै हिसाबले आफूलाई राम्रो लागेको उनले बताइन् ।दर्शकदीर्घामा रहेर ब्यान्डसँग गाउँदागाउँदै घाँटी नै सुकेको साबी सिवाकोटीले सुनाइन् । बहिनीको साथमा पहिलोपटक नेपथ्य कन्सर्ट हेर्न आएकी उनले भनिन्, ‘भएभरका सबै रमाइरहँदा आफूलाई पनि नाचिरहूँ गाइरहूँ लाग्दो रहेछ ।’मोरङको पथरी क्याम्पमा जन्मिएकी साबी चार वर्षकै उमेरमा शरणार्थी परिवार पुनर्वासका क्रममा अमेरिका आएकी हुन् ।पुनर्वास गराइएका भुटानी शरणार्थी उल्लेख्य संख्यामा रहेको पेन्सिलभानिया राज्यमा नेपालीभाषी समुदायको जीवन्त उपस्थिति देख्न पाउँदा खुसी लागेको गायक अमृतले उल्लेख गरे । अमृतले मञ्चबाटै अनुरोध पनि गरेका थिए, ‘यो भाषालाई भावी सन्ततिसम्म विस्तार गरौं है ।’शनिबारको कन्सर्टको आयोजक टोलीकी एक सदस्य पनि भुटानी शरणार्थी परिवारकै विद्या पुलामी थिइन् । राष्ट्रिय पहिचान भुटानी भए पनि आफूहरू नेपाली नै रहेको उनी बताइरहेकी थिइन् ।‘हामी धपाइएर आएको भए पनि भुटानको समेत उत्तिकै माया लाग्छ,’ उनले भनिन्, ‘त्यसैले कार्यक्रममा मैले बोक्ने झन्डा नेपाल र भुटान दुवै मुलुकका हुन् ।’कार्यक्रमभरि पटक–पटक नेपाली पहिचानका पक्षमा विचार राखेका अमृतले स्वदेश घुम्न पनि आह्वान गरे । पैदलै गाउँबस्ती पुग्दा गीत संकलन गरेको र कतिपय गीत उतैको रमाइलोमा तयार पार्ने गरेको पनि उनले सुनाए । पदयात्राका क्रममा उनैले खिचेका पृष्ठभूमिका तस्बिरहरूले पनि उनको भनाइलाई सघाइरहेको देखिन्थ्यो ।अमेरिकी सहर पिटर्सबर्गमा पहिलो कन्सर्ट भए पनि कतिपय दर्शकका लागि यो पहिलो नेपथ्य अनुभव थिएन । उदाहरण हुन्, बेलडाँगी शिविरमा जन्मेका राजेन सापकोटा । उनी गत वर्ष छेवैको पेन्सिलभानियाली सहर ह्यारिसबर्गमा आयोजित नेपथ्य कन्सर्ट हेर्न पुगेका थिए । त्यसभन्दा पहिले त झन् परको कोलम्बस सहर अनि अझ सन् २०१६ मा एटलान्टा सहरमा आयोजित नेपथ्य कन्सर्ट हेर्न पनि उनी पुगेका थिए ।‘म नेपथ्यलाई छातीमै लिएर हिँडेको छु भन्दा पनि फरक पर्दैन,’ उनले उत्साहका साथ थपे, ‘आफू नेपालमा हुर्कँदै गर्दा मन परेका यसका गीतहरू र यो ब्यान्डप्रति मेरो मनमा अटाएको प्रेमलाई शब्दहरूले व्याख्या गर्न गाह्रो हुन्छ ।’राजेन्द्रका अनुसार उनी १३ वर्षको उमेर छँदा सन् २०११ मा अमेरिका आएका हुन् ।कन्सर्टमा मुख्य गायक अमृतलाई ड्रमसेटमा ध्रुव लामा, बेस गितारमा सुविन शाक्य, गितारमा नीरज गुरुङ, मादलमा शान्ति रायमाझी र किबोर्डमा दिनेशराज रेग्मीले सघाएका थिए ।अमेरिका यात्राको चौथो प्रस्तुति पिटर्सबर्गमा सकिएसँगै ब्यान्ड अब फेरि उत्तरतर्फ उक्लनेछ । अबको गन्तव्य हुनेछ भव्य सिकागो सहर । त्यहाँस्थित ‘दी भिक थिएटर’ मा जुन ७ मा नेपथ्य कन्सर्ट तोकिएको छ । सिकागोपछि ब्यान्ड बोस्टन सहरमा जुन ११ मा गुन्जनेछ । त्यसपछि १४ सदस्यीय नेपथ्य टोली नर्थ क्यारोलाइना राज्यको ग्रिन्सबोरो सहर पुग्नेछ । जुन १४ को साँझ आफूलाई उभ्याएपछि यस वर्षको अमेरिका यात्रा बिट मार्दै ब्यान्ड स्वदेश फिर्नेछ ।"
किम्फमा 'बटरफ्लाई भुटान' बन्यो 'इसिमोड सर्वोत्कृष्ट पर्वतीय फिल्म',"काठमाडौँ — अन्तर्राष्ट्रिय पर्वतीय चलचित्र महोत्सव (किम्फ) मा सोनम याङ्जोमको ‘बटरफ्लाई भुटान’ ले इसिमोड सर्वोत्कृष्ट पर्वतीय फिल्म पुरस्कार प्राप्त गरेको छ । ‘आफ्टर द स्नोमेल्ट’ ले सर्वोत्कृष्ट फिचर डकुमेन्ट्री जित्दा डोमिनिक साइनरको ‘विन्टर टाइगा’ ले सर्वोत्कृष्ट लघु वृत्तचित्र (डकुमेन्ट्री) अवार्ड प्राप्त गरेको छ ।यसै वर्षबाट थप गरिएको ‘केयू इमर्जिङ फिल्ममेकर’ को अवार्ड भने भारतका मनोहर के.ले जिते । ‘बर्ड अफ अ डिफरेन्ट फिदर’ बाट उनले यो अवार्ड पाएका हुन् । ‘सर्वोत्कृष्ट माउन्टेरिङ एन्ड एक्स्प्लोरेसन फिल्म पुरस्कार’ भने केन्जी सुकोमोटो निर्देशित असिमाले जित्यो । फेलिन गेर्हार्ड्टको ‘माइनस १०३ डिग्रिज’ ले यही विधामा ‘स्पेसल मेन्सन’ प्राप्त गर्‍यो ।अन्तर्राष्ट्रिय विधामा, फाम नोच लानको क्यू ली नेभर क्राइज्ले ‘सर्वोत्कृष्ट फिचर फिल्म फिक्सन पुरस्कार’ जित्दा याकुप तेकिन्तान्जाक निर्देशित ‘मोरी’ ले सर्वोत्कृष्ट सर्ट फिक्सन फिल्म जित्यो ।नेपाल प्यानोरामाअन्तर्गत, सौरभ घिमिरे निर्देशन रहेको ‘सङ्गस अफ लभ एन्ड हेट’ ले सर्वोत्कृष्ट नेपाली फिक्सन फिल्म अवार्ड जित्यो । ७४ औं बर्लिन अन्तर्राष्ट्रिय फिल्म महोत्सवमा यो फिल्मले जेनेरेसनतर्फ ‘स्पेसल मेन्सन’ पाएको थियो । फिल्मलाई मिन्सो लिम्बू र मीन भामले निर्माण गरेका हुन् ।त्यस्तै साजा सुनुवार निर्देशित ‘छाउ’ ले सर्वोत्कृष्ट नेपाली वृत्तचित्र जित्दा ‘अडियन्स अवार्ड’ अस्ट्रेलियन फिल्मकर्मी कलनी ग्याकनको ‘फ्यामली म्यान’ ले जित्यो ।यो वर्ष ‘कट कथा’ को लाइभ पिचतर्फ सुस्मिता बोगटीले शान्ता नेपाली प्रोडक्सन पुरस्कारबाट ३ लाख ५० हजार रुपैयाँ बराबरको प्रोडक्सन सहयोग प्राप्त गरिन् । त्यस्तै श्रेया सिंहले ब्रिटिस काउन्सिल पुरस्कारबाट नगद १ लाख ५० हजार रुपैयाँ प्राप्त गर्दा आकृति श्रेष्ठले गोथे सेन्ट्रम पुरस्कारबाट नगद एक लाख जितिन् ।‘खण्डित आवाज, निर्मित भाष्य’ नाराका साथ जेठ १४ देखि काठमाडौंमा सुरुमा भएको किम्फको २२ औं संस्करण आइतबार सम्पन्न भएको हो । महोत्सवमा ३० देशका ६५ भन्दा बढी चलचित्रहरू प्रदर्शन गरिएको थियो ।"
नाटक ‘लस्ट एन्ड फाउन्ड’ फ्रैंकफर्ट जर्मनीको नाटक महोत्सवमा छनोट,"काठमाडौँ — घिमिरे युवराजको लेखन तथा निर्देशन रहेको नाटक ‘लस्ट एन्ड फाउन्ड’ले युरोप भ्रमण गर्ने भएको छ । यो नाटकफ्रैंकफर्ट जर्मनीको नाटक महोत्सवमा छनोट भएको छ ।बत्तीसपुतलीस्थित शिल्पी थिएटरमा मञ्चन भइरहेको उक्त नाटक जर्मनी, डेनमार्क र स्विडेनका विभिन्न सहरमा आगामी जुलाई र अगस्ट महिनाभरि मञ्चन हुने निर्माण टिमले जनाएको छ ।पारिवारिक विघटनको संघारबाट फुत्किएर शान्तिको खोजीमा क्यानाडाबाट नेपाल आएको सागर र टुरिस्ट गाइड भूमिबीचको भेटपछि सुरु हुने नाटकले बुद्धकालीन समयतिर पनि पुर्‍याउँछ ।यशोधरा र सिद्धार्थबीचको अन्तर्द्वन्द्व, अनागरिक हुनुको पीडा र एकल आमाका सन्तानप्रति राज्यले गर्ने विभेद लगायतका विषयमा नाटकको कथा घुमेको छ ।नाटकमा पवित्रा खड्का (भूमि), सुमित भण्डारी (सागर), गोविन्द ओली (वेटर), सुहाना आचार्य (वेट्रेस) को भूमिकामा छन् ।नाटक शिल्पीमा भने जेठ २४ गतेसम्म मञ्चन हुनेछ ।"
को हुन् मिस वर्ल्ड सुचाता ?,"काठमाडौँ — थाई, अंग्रेजी र चिनियाँ तीनै भाषामा कुराकानी गर्न सक्ने २२ वर्षिय थाइल्याण्डकी ओपल सुचाताले शनिबार राति हैदरावादमा मिस वर्ल्डको ताज पहिरिन् ।मिस वर्ल्डको ताज पहिरिएपछि ओपालले सञ्चारकर्मीहरुसँग आफूलाई अरु सपना पूरा गर्न यसले मौका दिएको बताइन् । उनले भनेकी छिन्, 'म सधैं विश्वास गर्छु, तपाईं जो भएपनि, जति उमेरको भए पनि, जीवनमा जुनसुकै उपाधि लिए पनि, तपाईंको छेउमा सधैं कोही न कोही हुन्छ जसले तपाईंलाई हेरेर केही सिक्ने प्रयास गर्छ । त्यो बच्चा हुन सक्छ, वयस्क हुन सक्छ, तपाईंका आफ्नै आमाबाबु पनि हुन सक्छन्।'हैदरावादमा भएको ७२औं मिस वर्ल्ड प्रतियोगितामा सहभागी हुन जानुभन्दा मात्र एक साताअघि मात्रै उनले मिस वर्ल्ड थाइल्याण्ड २०२५ को उपाधि हात पारेकी थिइन् । मिस युनिभर्स २०२४ मा पनि थाइल्याण्डको प्रतिनिधित्व गरेकी उनी त्यतिबेला तेस्रो उपविजेता घोषित भएकी थिइन् ।थाइल्याण्डको फुकेटमा जन्मिएकी ओपलको परिवार होटल व्यवसायम संग्लन छ । सुचाताले ताज पहिरेपछि थपिन्, 'सफलता भनेको तपाईंको जीवन बाँच्नु र वरिपरिको मानिसहरूको जीवन अझ राम्रो बनाउनु हो।'भारतकी नन्दिनी गुप्ता शीर्ष २० मा पुगेपनि उनको यात्रा त्यसभन्दा अघि बढन सकेन् । अहिलेसम्म भारतका ६ जनाले मिस वर्ल्ड मिस वर्ल्ड जितिसकेका छन् । भारतिय राज्य तेलङ्गानाले पहिलोपटक मिस वर्ल्ड महोत्सवको आयोजना गरेको हो । यसअघि भारतका अन्य राज्यमा सन् १९९६ र सन् २०२४ मा मिस वर्ल्ड प्रतियोगिता आयोजना भएको थियो ।"
७२ औं मिस वर्ल्ड बनिन् थाइल्याण्डकी ओपल,"काठमाडौँ — ७२ औं मिस वर्ल्डको उपाधि थाइल्याण्डकी ओपल सुचाता चुआंगश्रीले जितेकी छन् । शनिबार बेलुका भारतको तेलांगानास्थित हैदरावादमा आयोजित फिनालेमा उनले उपाधि जितेकी हुन् ।विजेता ओपललाई अघिल्लो संस्करणकी विजेता क्रिस्टिना पिस्ज्कोभाले ताज पहिर्‍याइदिइन् । इथियोपियाकी उपविजेता घोषित भइन् । पोल्याण्ड र मार्टिनिकका क्रमशः तेस्रो र चौंथो उपविजेता घोषित भए ।अन्तिम चारमा अमेरिका तथा क्यारेबियनबाट मार्टिनिक, अफ्रिकाबाट इथियोपिया, युरोपबाट पोल्याण्ड र एसियाबाट थाइल्याण्डबीच प्रतिस्पर्धा भएको थियो । महत्वपूर्ण विधा ‘ब्युटी विथ अ पर्पस’को उपाधि इन्डोनेसियाले जितेको छ ।यसवर्षको प्रतियोगितामा नेपालसहित १०८ मुलुकका सुन्दरीले प्रतिस्पर्धा गरेका थिए । नेपाल अन्तिम ४० मा समेटिन सकेन । नेपालबाट सृच्छा प्रधानले सहभागिता जनाएकी थिइन् ।"
अन्नपूर्ण आरोहणको ७५ वर्ष : बुवाको विरासतमा माथियास हर्जोगको आत्मिक यात्रा,"पोखरा — विश्वमै पहिलोपल्ट ८ हजार मिटरमाथिको हिमाल आरोहण गरेका फ्रान्सेली नागरिक मौरिस हर्जोगले आफ्नो किताब ‘अन्नपूर्ण’ मा लेखेका छन्, ‘मानिसको जीवनमा अरु अन्नपूर्णहरू पनि छन् ।’ अन्नपूर्ण आरोहणको अनुभूति समेटिएको उनको ‘बेस्ट सेलर’ किताबका यी पंक्तिको अर्थ हो– एउटा ठूलो सफलता प्राप्त गरिसकेपछि पनि जीवन सकिँदैन ।जीवन निरन्तर अगाडि बढ्छ, नयाँ चुनौतीहरू आउँछन् र हामीले हरेक पटक नयाँ सुरुआत गर्नुपर्छ । एउटा ‘अन्नपूर्ण’ जितिसकेपछि अर्को ‘अन्नपूर्ण’ हाम्रो प्रतीक्षामा हुन्छ ।सन् १९५०, जुन ३ । एउटा मिति जसले मानव इतिहासमा पर्वतारोहणको परिभाषा नै बदल्यो । फ्रान्सेली पर्वतारोही मौरिस हर्जोग र उनका साथी लुइस ल्याचेनलले विश्वमा पहिलोपल्ट ८ हजार मिटरभन्दा अग्लो हिमाल, अन्नपूर्ण प्रथम (८,०९१ मिटर) को चुचुरोमा पाइला टेके । यो केवल एक आरोहण थिएन, यो अदम्य साहस, अटल आस्था र मानव चेतनाको असीमित सम्भावनाको जीवन्त प्रतीक थियो ।फ्रान्सेली राष्ट्रिय टोलीले अन्नपूर्ण आरोहण गरेको मंगलबार ७५ वर्ष पुगेको छ । लुइसले आरोहणको पाँच वर्षपछि ३४ वर्षको उमेर ज्यान गुमाइसकेका छन् । मौरिसले सन् २०१२ मा ९३ वर्षको उमेरमा ज्यान गुमाए । यस वर्ष अन्नपूर्ण आरोहणको हीरक जयन्ती मनाउने तयारी गर्न गत वर्षको कात्तिकमा मौरिसका छोरा माथियास हर्जोग नेपाल आएका थिए । उनी उत्तरी मोहडाबाट अन्नपूर्ण चढ्न बुबा हिँडेकै बाटो उनी ‘नर्थ अन्नपूर्ण बेस क्याम्प’ पुगे । पोखराबाट म्याग्दीको बेनी, तातोपानी, नारच्याङ हुँदै उनी आधार शिविर पुगेका थिए ।हीरक जयन्ती मनाउन माथियास पुनः नेपाल आएका छन्, हिमालको छायाँमा आफ्नो बुबाको पाइलाहरू सम्झिँदै तर आफ्नै बाटो बनाउँदै । अहिले उनी योग र आध्यात्मिक सेवामा समर्पित छन् तर हरेक पाइला अझै पनि अन्नपूर्णको कथाले निर्देशित भइरहेको छ । यसपल्ट उनी एक्लै आएनन्, परिवारका सदस्य र फ्रान्सेली सांगीतिक टोलीलाई पनि लिएर आए । हीरक जयन्ती मनाउन उनी सोमबार उत्तरी आधार शिविर पुगे ।पहिलोपल्ट आधार शिविर पुग्दा उनले वरिपरि लस्करै उभिएका हिमाललाई हेरे । आफ्नो बुबाले टेकेको टाकुरोमा आँखा पुर्‍याए । योग गरे । ध्यानमा मग्न भए । आधार शिविरमा बनेको बुवाको सालिक सुम्सुम्याए । सालिक हेरेर उनी रोए । त्यो पीडाको आँसु थिएन, कृतज्ञताको थियो । ‘जब मैले बुबाको सालिक देखेँ । म चुपचाप त्यहाँ उभिएँ । एकछिनका लागि समय रोकिएको जस्तो लाग्यो,’ मसिनो स्वरमा उनले भने, ‘मलाई लाग्यो, म उहाँको पाइला पछ्याइरहेको छैन, म आफ्नो बाटोमा छु । तर त्यो बाटोमा उहाँको आशीर्वाद छ ।’अन्नपूर्ण आरोहणको हीरक जयन्ती मनाउन नेपाल आएका मौरिस हर्जोगका छोरा माथियासलाई पोखरा विमानस्थलमा स्वागत गर्दै पोखराका पर्यटन व्यवसायी ।अन्नपूर्ण आरोहणको हीरक जयन्ती मनाउन नेपाल आएका मौरिस हर्जोगका छोरा माथियासलाई पोखरा विमानस्थलमा स्वागत गर्दै पोखराका पर्यटन व्यवसायी ।आधार शिविरबाट फर्किएपछि एक साँझ पोखरामा भेटिएका उनले आफ्ना बुवासँगको स्मृति केलाए । ‘बुवा कम बोल्नुहुन्थ्यो तर कहिलेकाहीँ मन खोलेर बोल्नुहुन्थ्यो । एकदमै विनम्र हुनुहुन्थ्यो,’ माथियास सम्झन्छन्, ‘उहाँले कहिल्यै आफ्ना व्यक्तिगत अनुभवबारे धेरै बोल्नुभएन । तर कहिलेकाहीँ, हामी दुई मात्र हुँदा, उहाँका आँखामा गहिरो अनुभूति देखिन्थ्यो ।’माथियासका अनुसार, मौरिसले अन्नपूर्णको शिखर पुगेपछि जे अनुभव गरे, त्यो आध्यात्मिक रूपान्तरणको आरम्भ थियो । मौरिसले माथियाससँग भनेका थिए, ‘शिखरमा पुगेपछि मैले प्रेमको यस्तो अनुभूति गरेँ, जुन शब्दले बयान गर्न सकिँदैन । त्यो क्षणले मेरो जीवनको खालीपन भरिदियो ।’सन् १९५१ मा प्रकाशित मौरिस हर्जोगको पहिलो पुस्तक ‘अन्नपूर्ण : ८००० मिटर अग्लो चुचुरोको पहिलो विजय’ मा त्यस्ता अनुभूतिहरू केवल संकेतका रूपमा उल्लेख छन् । त्यस बेला फ्रान्समा व्यक्तिगत वा आध्यात्मिक विषयबारे खुला रूपमा बोल्न हुन्थेन । ‘उहाँले भनिरहनु भएको थिएन तर म बुझ्थेँ, उहाँको भित्र केही गहिरो परिवर्तन भएको थियो,’ माथियास सम्झन्छन् ।मौरिसको अनुभवमा आधारित पुस्तकले लाखौं पाठकलाई हिमालको रहस्य, चुनौती, र मानवीय उत्कर्षको कथा सुनायो । बिनाअक्सिजन, एकै सिजनमा र पहिलो प्रयासमै सम्पन्न भएकोले पनि यो आरोहण विशेष थियो । सन् १९५० को दशकमा अन्नपूर्ण आरोहण अहिलेको जस्तो सजिलो थिएन । उनीहरूसँग आजको जस्तो गुणस्तरीय जुत्ता, ज्याकेट जीपीएस वा अक्सिजन थिएन । छालाको जुत्ता, कपडाको ज्याकेट र हातमा एउटा नक्सा मात्र थियो । आरोहणपछि हर्जोग र ल्याचेनल दुवैले गम्भीर ‘फ्रस्टबाइट’को सामना गरे । जसका कारण हर्जोगले सबै औंलाहरू गुमाए ।आरोहणबाट फर्किएपछि मौरिसले धर्मका बारेमा पढ्न थालेका थिए । उनले हिन्दू धर्म, बौद्ध दर्शन, इसाई आस्थाको गहिरो अध्ययन गरे । ‘मलाई लाग्छ, त्यो अनुभव उहाँका लागि परम शक्तिसँगको सम्पर्क थियो । त्यसपछि उहाँ भगवानको खोजीमा लाग्नुभयो,’ योग र आध्यात्मिक सेवामा समर्पित माथियासले भने ।यही आध्यात्मिक जागरणले मौरिसलाई अझ गहिरो खोजीमा डोर्‍यायो । मौरिस विश्वभर चिनिए । ‘किनभने जब तपाईं यति शक्तिशाली र दिव्य अनुभूतिबाट गुज्रनुहुन्छ, तपाईं त्यसलाई बुझ्न चाहनुहुन्छ, तपाईं त्यस ऊर्जा नजिक जान चाहनुहुन्छ,’ माथियास भन्छन्, ‘त्यस क्षणपछि उहाँले अनेकौं तरिकामा भगवानको खोजी गर्न थाल्नुभयो ।’ यसले सन् १९९७ मा मौरिसको दोस्रो पुस्तक ‘अन्नपूर्ण : प्रिमियर ८०००’ लाई पनि जन्म दियो । पहिलो किताब लक्ष्य, आरोहण, शिखरबारे थियो भने दोस्रो पुस्तक उनको भित्री परिवर्तनबारे थियो । मौरिसका दुई किताब विश्वका ४० भन्दा बढी भाषामा प्रकाशित भएर हालसम्म १ करोड १० लाख प्रतिभन्दा बढी बिक्री भइसकेका छन् ।मौरिसले आफ्नो दोस्रो किताबको पहिलो पाठक छोरालाई नै बनाएका थिए । ‘त्यो मेरो लागि असाधारण क्षण थियो,’ माथियास भन्छन्, ‘पहिलो किताबमा विजयको कथा थियो तर दोस्रोमा उहाँको भित्रको परिवर्तन थियो ।’ त्यस पुस्तकको अन्तिम वाक्य ‘मानिसको जीवनमा अरु अन्नपूर्णहरु पनि छन्’ माथियासको हृदयमा सदैव गुञ्जिरहन्छ, ‘बुबाले मलाई सिकाउनु भएको कुरा थियो– हिमाल बाहिर मात्र होइन, भित्र पनि चढ्नुपर्छ ।’मौरिस हर्जोगको नेपालसँगको सम्बन्ध केवल एउटा आरोहणमा मात्र सीमित थिएन । त्यो त आत्माको एउटा अटूट सम्बन्ध थियो । उनी निधन हुनु अघिसम्म नेपालसँग जोडिएका थिए । ‘म सानो हुँदा हरेक आइतबार राजा महेन्द्रले हाम्रो घरमा फोन गर्नुहुन्थ्यो,’ माथियासले मुस्कुराउँदै भने, ‘बुबा फोन उठाएर निकै आत्मीयताका साथ कुरा गर्नुहुन्थ्यो । नेपालले उहाँलाई धेरै दिएको थियो र उहाँलाई त्यो फर्काउनु स्वभाविक लाग्थ्यो । उहाँले पूर्वाधार, विकास र अन्य धेरै क्षेत्रमा सहयोग गर्नुभयो ।’बुवाले अन्नपूर्ण आरोहण गर्दा माथियास जन्मिइसकेका थिएनन् । तर उनको लागि पनि नेपाल नयाँ भूमि पनि थिएन । सन् १९९३ मा उनी बुवासँग नेपाल आएका थिए । त्यतिबेला उनी १४ वर्षका थिए । काठमाडौं आएर कैलाश पर्वत र मानसरोवर गएको उनलाई अझै सम्झना छ । ‘मैले केही फोटोहरू ल्याएर बाटोमा बालबालिकालाई दिएको थिए,’ उनले सम्झिए, ‘त्यो मेरो लागि निकै मनछुने क्षण थियो ।’आजभन्दा ७५ वर्ष पहिले अहिलेजस्तो सञ्चारको सुविधा थिएन । सन् १९५० को दशकमा जब नेपाल पश्चिमी संसारका लागि पूर्णतः अज्ञात थियो र हिमाल चढ्नु चन्द्रमामा पुग्नुसरह थियो । त्यतिबेला मौरिस हर्जोगको टोलीले इतिहास रचेको थियो । अन्नपूर्ण आरोहण फ्रान्सको राष्ट्रिय अभियान थियो, व्यक्तिगत होइन । मौरिस दोस्रो विश्वयुद्धमा फ्रान्सेली प्रतिरोध आन्दोलनका सदस्य थिए । ‘उहाँ सबैभन्दा राम्रो आरोही नभए पनि उहाँसँग नेतृत्वको अनुभव थियो,’ आरोहण दलमा मौरिस छनोट हुनुको कारण बताउँदै माथियासले भने, ‘कठिन परिस्थितिमा मान्छे र स्रोत व्यवस्थापन गर्ने सीप उहाँसँग थियो । त्यसैले उहाँ चयनमा पर्नुभयो ।’ अन्नपूर्ण आधार शिविर पुगेर फर्किएपछि अहिले पनि उनी कल्पना गर्छन्- ७५ वर्षअघि, प्रविधिविहीन अवस्थामा, छालाको जुत्ता, नक्साबिना, जीपीएस बिना आरोहण कसरी सम्भव भयो ? साहस र सामूहिकता नै उनी बुवाको सफलताको कारण मान्छन् ।माथियास पाँच वर्षअघि नै नेपाल आउन चाहन्थे । उनलाई कोरोना महामारीले रोक्यो । अहिले उनी योग र आध्यात्मिक सेवामा समर्पित एक साधकका रूपमा आफ्नो बुबाको पदचाप पछ्याउँदै आफ्नै आत्म-यात्रामा छन् । उनको आगमनले अन्नपूर्णको कथालाई फेरि एकपल्ट ताजगी दिएको छ ।मौरिस हर्जोगले भौतिक अन्नपूर्ण जिते तर माथियास आफ्नो जीवनको आध्यात्मिक अन्नपूर्ण खोजिरहेका छन् । उनी अहिले जर्मनीमा योग स्कुल चलाउँछन् । ध्यान शिविर आयोजना गर्छन् । अन्तर्राष्ट्रिय योग शिक्षकहरूलाई प्रशिक्षण दिन्छन् । तर उनको मन अझै नेपालमै अडिएको छ । ‘म यहाँ एउटा गैरनाफामूलक स्कुल खोल्न चाहन्छु, जहाँ योग, अंग्रेजी र नेपाली जीवनदर्शन सिकाउन सकियोस्,’ उनी भन्छन्, ‘नेपालको ज्ञान परम्परा, बौद्ध दर्शन, र प्रकृतिसँगको सहअस्तित्व आजको संसारका लागि अमूल्य छ ।’माथियासको आगमनले केवल विगतको सम्झना मात्र ल्याएको छैन, यसले भविष्यका लागि पनि प्रेरणा दिएको छ । उनी पर्यटन र संरक्षणबीच सन्तुलनको वकालत गर्छन् । भन्छन्, ‘हामीले आर्थिक विकास र वातावरणीय संरक्षणबीचको मध्यम मार्ग खोज्नैपर्छ । अन्तर्राष्ट्रिय सहकार्य अत्यन्त आवश्यक छ ।’ युवा पुस्तालाई लक्ष्य गरी पर्यटन, प्रकृति र पर्वतीय संस्कृति केन्द्रित भएर नेपालको प्रवर्द्धन गर्नुपर्ने उनी सुझाउँछन् ।म्याग्दीको अन्नपूर्ण गाउँपालिकामा पर्ने उत्तरी आधार शिविरमा मौरिस हर्जोग, लुइस ल्याचेनल र पहिलो नेपाली आरोही सोनाम वाङ्चुक शेर्पाको अर्धकदको सालिक राखिएको छ । मंगलबार प्रधानमन्त्री केपी शर्मा ओलीले सालिक अनावरण गर्ने पूर्व योजना रहे पनि मौसमको खराबीले हेलिकप्टर पुग्न सकेन । उनले नारच्याङमा पुगेर ‘मौरिस हर्जोग पदमार्ग’ र खुला संग्रहालयको उद्घाटन गरे । सालिक अनावरण गर्न उर्जा, सिंचाइ तथा जलस्रोत राज्य मन्त्री खमबहादुर गर्बुजा पुगेका थिए । नेपाल पर्यटन बोर्ड, ट्रेकिङ एजेन्सिज एसोसियसन अफ नेपाल (टान) गण्डकी, नेपाल पर्वतारोहण संघ, गण्डकी लगायतले जेठ १७ देखि २२ सम्म विविभ कार्यक्रम गरी हीरक जयन्ती मनाइरहेका छन् ।हीरक जयन्ती सकिएपछि माथियास जर्मनी फर्किनेछन् । उनको मनले नेपाल फर्कनुपर्छ भन्छ । बुवाको नेपालसँगको सम्बन्धले आफ्नो जीवनले आकार पाएको उनी ठान्छन् । पोखरा वरपर कतै चिटिक्कको घर बनाएर बस्न मन छ, जुन घरको झ्यालबाट हिमाल देखियोस् । घर इँटले मात्रै बनेको नहोस्, हरेक भित्ता, छानो, झ्याल र ढोकामा शान्तिको महसुस होस् ।मौरिसले संसारभरिका हिमाल आरोहीहरूको सम्मेलन आयोजना गर्थे । अब फ्रान्स सरकारको सहयोग लिएर त्यो परम्परा कायम राख्ने प्रयत्नमा उनी छन् । बुवाले छोडेर गएका जिम्मेवारी पूरा गर्नु आफ्नो अघि सिंगो अन्नपूर्ण उभिनुजस्तै भएको उनी ठान्छन् । भन्छन्, ‘अन्नपूर्ण केवल हिमाल मात्रै होइन, चुनौतीहरूको प्रतीक हो ।’"
"‘नक्कली प्रचण्ड’ बनेर हँसाउँथे, तर रुवाएर गए","काठमाडौँ — दुई वर्षअघिको एक भेटमा ‘नक्कली प्रचण्ड’ उपनामले चिनिएका हाँस्य कलाकार घनश्याम गौतमले भनेका थिए, ‘बाँचुन्जेलसम्म स–साना कुरामा खुसी हुनु नै मेरो लागी सौभाग्यको कुरा हो ?’सधैं स–साना कुरामा खुशी खोजीहिँड्ने यिनै घनश्याम अब यो संसारमा छैनन् । कलाकारिता र नाट्य क्षेत्रमा आफ्नो परिचय बनाइरहेका उनीको ४३ वर्षको उमेरमा निधन भयो । परिवारका अनुसार दुई वर्षदेखि क्यान्सर रोगसँग जुधिरहेका उनले सोमबार राति १२ बजेर ८ मिनेटमा भक्तपुर ताथलीस्थित काठमाडौं क्यान्सर अस्पतालमा अन्तिम श्वास फेरे ।२०६४ सालको कुरा हो । पहिलो संविधानसभाको चुनावी रापताप थियो । नाटक लिएर दार्चुला पुगेका उनले प्रचण्ड उपनामले समेत चिनिने माओवादी केन्द्रका अध्यक्ष पुष्पकमल दाहालको अभिनय गरेका थिए । उनको यो अभिनय यति बेजोड भइदियो कि, त्यसपछि उनको सार्वजनिक परिचय नै बन्यो ‘नक्कली प्रचण्ड’ ।चर्चित टेलीश्रृंखला 'मेरी बास्सै'देखि 'झ्याइँकुटी झ्याइँ'सम्ममा उनी ‘नक्कली प्रचण्ड’ कै भूमिकामा देखिएर थप लोकप्रिय भए । सडक नाटक, रेडियो नाटक र कचहरीमा सक्रिय गौतम विभिन्न स्कुलहरूमा पनि अभिनय सिकाउने गर्थे । गत भदौमा उनले बिरामीकै अवस्थामा तिजको गीत ‘मै अभागी चेली खुशी छैन बरिलै...’ बजारमा ल्याएका थिए ।हरेक वर्ष हुने गाईजात्रा हाँस्य व्यंग्य कार्यक्रममा उनले अभिनयमार्फत धेरैलाई पेट मिची मिची हँसाए । २०८० गाईजात्राको नजिकिँदै गर्दा बिरामी परेपछि भने उनको अभिनय यात्रामा ब्रेक लाग्यो ।०८० असारको कुरा हो । घनश्याम एक्कासी पेट दुख्ने समस्याले थलिए । सुरुमा त उनले दिसामा रगत देखिएकाले पायल्सको समस्या हो कि भनेर आर्युवेदिक उपचारमा लागे । समस्या बल्झिँदै गएपछि र थप उपचारमा जुटेपछि मात्रै उनले थाह पाए उनले आफूलाई ठूलो आन्द्रामा क्यान्सर भएको ।श्रीमती युगज्योतिले सुरुमा भक्तपुर क्यान्सर अस्पतालबाट सुरु भएको गौतमको उपचार भारतका अस्पतालदेखि काठमाडौं क्यान्सर अस्पतालमा आएर टुंगिएको बताइन् ।कलाकारिता क्षेत्रमा रहँदा वाहवाही पाएका घनश्याम क्यान्सर भएसँगै गुमनाम बन्न थाले । अस्पतालहरु चाहर्दै र अनेकथरी औषधिमा निर्भर बन्दै उनले अप्ठ्यारा दिनहरु बिताए । भएको सबै पैसा उपचारमा सकिएको श्रीमती युगज्योतिले केही दिनअघिको कुरामा दुःखेसो सुनाएकी थिइन् ।आफ्नो कुशल अभिनयमार्फत सबैलाई हँसाउने घनश्याम सबैलाई रुवाएर परलोक गए । उनको पार्थिव शरीर मंगलबार पशुपति आर्यघाटमा अन्त्येष्टि गरिएको छ ।"
सुभाष नेपालीकी आमा : नागाल्यान्डमा मजदुरी गरेका छोरा राष्ट्रसंघका आर्थिक सल्लाहकार,"काठमाडौँ — विभेदको जलनले कतिसम्म पोल्छ ? त्यो पीडा नभोग्नेहरूले सायदै अनुभूत गर्लान् । जात व्यवस्थाको सबैभन्दा पिँधमा पिल्सिएका समुदायमाथि भएका विभेद र निषेधका शृंखला अहिले पनि जारी छ । कथित उपल्ला जातहरूको बाहुल्य भएको समाजमा दलितहरूका लागि पिँढीभित्र टेक्न मात्र होइन, ठूला सपना देख्न पनि वर्जितझैं थियो । तिनै निषेधका पर्खालविरुद्ध संघर्ष मात्र होइन, कठोर परिश्रमबाट अर्घाखाँची, सन्धिखर्कका सुभाष नेपालीले आफूलाई अटल उभ्याए । उनी अहिले संयुक्त राष्ट्रसंघको आर्थिक सल्लाहकार छन् । अन्तर्राष्ट्रिय आर्थिक सल्लाहकार बनेर सुभाष छिट्टै श्रीलंका उड्दै छन् । संयोग यस्तो भइदियो, हिजो निषेध गर्नेहरू नै अहिले उनको नाममा गर्व गर्छन् ।केही समयअघि सुभाष सन्धिखर्क पुगेका थिए । गाउँको माटोमा उभिनासाथ विगतका स्मृतिले स्वागत गरे । यो न्यानो मात्र थिएन, बिझाउने पनि थियो । केही स्मृतिले डसे । हिजो स्कुलबाट फर्किंदै गर्दाको होटल आज पनि उसैगरी चलिरहेको थियो । मान्छेहरू भित्र–बाहिर गरिरहेका थिए । त्यही दृश्यमा उनले एउटा स्कुले केटोको टिठलाग्दो अनुहार सम्झिए । जसलाई भित्र–बाहिर गर्न अरूलाई जस्तो सजिलो थिएन । खाजा खान भित्र पसेका ती किशोरलाई होटल मालिकले गलहत्याउँदै बाहिर निकालेका थिए । कारण एउटै थियो, जात । अपमानित भएर बाहिरिँदै गरेको त्यो किशोरको अनुहारमा आँसुसँगै विद्रोह पोखिएको थियो । अपमानको त्यो खत तिनै किशोर सुभाषको हृदयमा अझै पनि गहिरो छ ।गाउँ पुगेपछि आउने यादका शृंखलामा एउटा अनुहार सधैं चहकिलो बल्छ । त्यो चहकिलो अनुहार अहिले भने निभिसकेको छ । गाउँलेहरू अहिले पनि सम्झन्छन्, उनको गुनिलो स्वभाव । तिनै आमा शिवकला नेपालीलाई सुभाष पुस्तकका पानाहरूमा पनि समेट्न चाहन्छन् । ‘आमाको भागमा सधैं दुःख मात्र पर्‍यो,’ सुभाष बेचैन सुनिन्छन् । २०१७ मा जन्मेकी शिवकलाको ११ वर्षको उमेरमा टामबहादुरसँग विवाह भयो । त्यस दिनदेखि नै शिवकलाका दुःखका दिन सुरु भए । पहाडका उकाली–ओरालीमा भारी बोक्ने काम गर्थे दम्पती नै । जब हजुरबा नागाल्यान्ड गए, बा पनि उतै लागे । बासँग केही वर्ष आमा पनि उतै बसिन् । बा नागाल्यान्डमा चौकीदारी गर्थे । सुभाष त्यतै जन्मे ।पछि सुभाष र उनका दुई बहिनीहरू सन्धिखर्कमै हुर्किए । हुर्कंदै गर्दा सुभाषले आमा सुतेको कहिल्यै देखेनन् । ‘म सुत्ने बेलासम्म पनि आमा घरको काममै खटिनु हुन्थ्यो । म उठ्दा काममा हिँडिसक्नुभएको हुन्थ्यो,’ सुभाष सम्झन्छन् । गाउँमा पानीको समस्या थियो । दलितलाई कुवामा पानी भर्न निकै सकस थियो । गैरदलितले नभरुन्जेल पर्खेर बस्नुपर्थ्यो । ‘त्यसमाथि एउटाले भरिसकेको छ, अर्को गैरदलित परबाट आउँदै छ भने उसले ठाउँ नछोडिदिने । परको मान्छेलाई पर्खेर बस्ने । उनीहरूले भरुन्जेल पर्खेर बस्नुपर्ने । त्यसरी पर्खंदा–पर्खंदा पानी सकिन्थ्यो,’ सुभाष विभेदको चपेटामा परिरहेकी शिवकलाको संघर्ष भन्छन्, ‘त्यसैले पनि आमा बिहानै ३ बजे उठेर पानी भर्न जानुहुन्थ्यो ।’शिवकलासँग फुर्सद कहिल्यै भएन । सन्तानसँग बसेर कुरा गर्ने, रमाउने समय पनि कहिल्यै पाइनन् । खेतबारीको उब्जनीले ३ महिना पनि खान पुग्दैन थियो । सुभाषका बाले ३२ वर्ष नागाल्यान्डमा चौकीदारी गरे । आमाले मेलापातसँगै भैंसी, बाख्रा पालेर घर चलाउँथिन् । श्रीमान्ले पठाएको रकम जोगाएर एक दिन खेत किन्ने निर्णय गरिन् । तर पैसा हुँदा पनि जमिन किन्न कहाँ सजिलो थियो र ? कथित उपल्लो जातकाले जमिनको खरिदमा पनि जातकै पर्खाल लगाए ।एक जना कथित उपल्लो जातकालाई आमाले केही ऋण सापटी दिएकी थिइन् । उनले त्यो फिर्ता गरेका थिएनन् । उनैले आफ्नो खेत बेच्न खोजेका थिए । जब शिवकलाले किन्ने भइन्, तब तनाव सिर्जना भयो । ‘तल्लो जातकालाई खेत बेच्न दिँदैनौं,’ उनका दाजुभाइले भाँजो हाले । शिवकलाले पैसा पनि दिइसकेकी थिइन् । ‘न खेत पाइन्छ, न दिएको पैसा फिर्ता,’ शिवकलालाई फसाद पर्‍यो । त्यो जग्गा आफ्नो नाममा ल्याउन उनले सदरमुकाममा भएको तीन आना जग्गासँग सट्टापट्टा गर्ने उपाय रचिन् ।‘खेत लिए पनि नक्सामा त्यसको दुई पाटो हामीलाई दुःख दिने मान्छेकै पर्दो रहेछ । उनले दुई गरा रोकिदिए । आमाले त्यो पनि केही पैसा दिएर सल्टाउनुभयो,’ उनी सम्झिन्छन् । यता भने ती व्यक्तिका दाजुभाइको अवरोधका कारण आमाले सदरमुकामको जग्गासँग कागजी सट्टापट्टा मात्र गरेकी थिइन् । लगत्तै सदरमुकामको जग्गा आमाकै नाममा पास गर्ने सर्त थियो । तर, ती व्यक्तिले झुलाउन थाले । त्यही घटनाबाट आमाको मानसिक तनाव सुरु भयो । आमामा विभिन्न रोग देखिन थाले ।सुभाष स्कुल पढ्दादेखि सुरु भएको उनको समस्या स्नातकोत्तर सक्दा मात्र सुल्झिएको थियो ।...आमालाई सबैभन्दा बढी पीर छोराको थियो । पिटाइ खाएर घर फर्किन्थे सुभाष । उनी विद्रोही थिए । सबैले भन्थे, ‘यो हरामी छ ।’ सुभाष फर्केर हेर्छन्, ‘त्यतिबेला म किन हरामी थिएँ, जड कसैले बुझेनन् ।’ पानी लिन जाँदा आमा विभेद सहेर पर्खेर बस्न सक्थिन् तर सुभाष सक्दैनथे । उनी भरेको गाग्री उठाएर बाहिर राखिदिन्थे । अनि आफ्नो भर्न थाल्थे । त्यतिबेला उनीमाथि सामूहिक हातपात हुन्थ्यो । जति पिटाइ खाए पनि उनी हार मान्दैनथे । सुभाषको समुदायमा जनावरको छाला काढेर प्रशोधन गर्ने गरिन्थ्यो । त्यसका लागि अमला र खयरको बोक्रा आवश्यक पर्थ्यो । बोक्रा खोज्दै हिँड्ने भएकाले गाउँमा ‘बोक्रे’ भनेर खिसिट्युरी गरिन्थ्यो । ‘बोक्रे’ शब्द सुभाषका लागि सहिनसक्नु हुन्थ्यो । उनी लड्न तम्सिहाल्थे ।गल्ती अरूकै भए पनि दोष सुभाषले पाउँथे । आमाकहाँ ‘कम्प्लेन’ पुग्थ्यो । आमा सुभाषलाई कुट्न बाध्य हुन्थिन् । आमालाई डर थियो, ‘छोरालाई कसैले केही गरिदिने पो हो कि !’ कक्षा ६ मा पढ्दाको एउटा घटना उनले बिर्सेका छैनन् । कथित उपल्लो जातका दुई साथीले ‘बोक्रे’ भनेर जिस्क्याएपछि उनी लड्न गए । सुभाषलाई मरणासन्न हुने गरी कुटे ।घाइते भएर उनी घर पुगे । शिवकला आत्तिँदै, रुँदै छोरालाई बोकेर हस्पिटल लगिन् । पछि स्कुलमा प्रधानाध्यापकलाई उजुरी गर्न गइन् । प्रधानाध्यापकले बेवास्तापूर्वक उल्टै छोराको गल्ती देखाउँदै भने, ‘यो मान्छे यस्तो झगडा गर्छ भन्ने थाहा थिएन ?’घटना यतिमा मात्र सीमित छैन । एक पटक प्रधानाध्यापकको छोरा झोलामा जेरी बोकेर घर फर्किंदै थिए । सुभाषले झुक्किएर छोएपछि उनले ‘जेरीको पैसा तिर्’ भन्दै सुभाषलाई झम्टिए । त्यहाँ पनि सुभाषको भागमा कुटाइ नै पर्‍यो । आमालाई यस कुराले नमीठो आघात पार्‍यो । आमा छोराको चिना देखाउन ज्योतिषकहाँ पुगिन् । ‘तिम्रो छोरा ठूलो मान्छे हुन्छ,’ ज्योतिषले भनिदिए । आमाको अनुहारमा बेग्लै चमक छायो । घरमा आएर छोरालाई सुनाइन्, ‘तँ त गाडी चढ्ने हुन्छस् रे ।’ तर आमाको सपनाको पनि परिधि थियो । उनलाई त छोरा ‘पियन’ मात्र भइदिए पनि अनेक हुन्थ्यो । ०५३ मा एसएलसी नजिकिँदै थियो । पास हुने आस थिएन सुभाषलाई । उनी नागाल्यान्ड जान चाहन्थे । इन्डियन आर्मीमा भर्ती हुन चाहन्थे । नभन्दै एसएलसीपछि उनी नागाल्यान्ड गए, पेट्रोल पम्पमा मजदुरी गर्न थाले । त्यहाँ पनि नेपाली मजदुरमाथि गरेको अपमान सहन नसकेर झगडा पर्‍यो । आर्मी बन्ने सपना त्यागेर उनी नेपाल फर्किए । एसएलसीमा उनी अंग्रेजी र गणित विषयमा फेल भए । अर्को पटकमा पास गरे ।न पढाइ, न पढ्ने चाह । तर सुभाषको जीवनमा ‘यू टर्न’ कसरी सम्भव भयो ? उनी गाउँबाट दुई घण्टा उकालो हिँड्दै सदरमुकाम पुगेको त्यो दिन सम्झन्छन् । ‘मेरो क्लासमेट रामजी भट्टराईले एउटा कार्यक्रम छ भनेर लगे । त्यहाँ राष्ट्रिय जनमोर्चानिकट अखिल छैटौंको राजनीतिक तालिम रहेछ । मैले एक साताको तालिम लिएँ । त्यसपछि श्रम शिविरमा १५ दिन बसेर बारी खन्ने काम गर्‍यौं,’ सुभाष सुनाउँछन् । त्यो बेला उनले खुमानन्द भुसाललाई भेटे । जसबाट उनले राजनीतिक चेतना पाए । संगठनमा लाग्दा सबैभन्दा डर आमालाई थियो । छोरालाई मार्छन् कि भन्ने पीरले उनी रातभर छटपटाउँथिन् । छोरा खोज्न भौंतारिँदै हिँड्थिन् । गाउँमा छोरा बिग्रियो भन्नेसँग शिर झुकाउँथिन् ।विभेदविरुद्ध एक्लै लडिरहेका सुभाषलाई पहिलो पटक अनुभूत भयो, ‘अब मेरो संघर्षले संगठित रूप पायो ।’ त्यहाँबाट उनको राजनीतिक र साहित्यिक पठन यात्रा सुरु भयो ।उनी जिल्ला कमिटीमा बसेर काम गर्न थाले । दुई वर्षपछि संगठन त्यागे । त्याग्नुको कारणबारे सुभाष सुनाउँछन्, ‘त्यहाँ पूर्णकालीन कार्यकर्ता जिल्लाभन्दा माथि उठ्न सकेका थिएनन् । माथि पुगेकाहरू प्रायः ले मास्टर्स गरेका थिए । मलाई पनि माथि पुग्नु थियो । त्यतिबेला लाग्यो, माथि पुग्न त पढ्नै पर्दो रहेछ ।’त्यसपछि नै हो, सुभाषमा अध्ययनको गहिरो भोक जागेको । सुभाषले बुटवल बसेर स्नातक पढे । अंग्रेजीमा निखार ल्याउन मिहिनेत गरे ।स्नातक पढ्दाको सुरुवाती समय उनले छापाखानामा अपरेटरको काम गरे । बिस्तारै भाषा राम्रो भएपछि उनले अंग्रेजी भाषा नै पढाउन थाले । स्नातकका बेलामा घरमा आर्थिक संकट बढिरहेको थियो । त्यतिबेला बाले भने,‘अब तिमी नपढ, कमाउनुपर्छ ।’ आमाले भने अड्डी कसिरहिन्, ‘हैन, जसरी हुन्छ पढाइ छोड्नु हुन्न । पढेर मात्र दुःखबाट छुटकारा मिल्छ ।’ सुभाषले स्नातकमा बुटवल बहुमुखी क्याम्पस ‘टप’ गरेपछि गाउँले सबै चकित परे । उनीप्रतिको सामाजिक धारणा एकाएक बदलियो । शिवकला अब शिर ठाडो पारेर हिँड्नसक्ने भइन् ।सुभाषको पढाइ रोकिनेवाला थिएन । न त आमा रोकाउन चाहन्थिन् । उनी छोरा अघि बढेको, फैलिएको हेर्न चाहन्थिन् । उनलाई छोरामा पूर्ण भरोसा थियो । स्नातकोत्तर पढ्न काठमाडौं आएका सुभाषलाई सुरुमा डेराको समस्या पर्‍यो । कहाँ बस्ने ? निर्क्योल थिएन । त्यसअघि काठमाडौं आएका साथीहरूलाई फोन गरे, उठेन । पछि एक जना भद्र मित्रले साथीहरूले फोन नउठाउनुको कारण भने, ‘दलितलाई कसरी रुम सेयर गर्ने भनेर नउठाएका हुन् ।’ त्यो कुरा सुभाषको हृदयमा बेस्सरी गढ्यो । उनी त्यसको जवाफ जीवनको सफलताबाटै दिन चाहन्थे । मासिक ६ सयको कोठा खोजे, जात ढाँटेर बसे । पहिलो मास्टर्स अंग्रेजीमा गरे । त्यसपछि पढाउनका लागि कलेज चहारे, कतै पाएनन् । आमाले पूर्वराज्यमन्त्री मानबहादुर सुनार चिनेकी थिइन् । छोरालाई लिएर जागिर माग्न पुगिन् । तर मानबहादुरबाट कुनै सहयोग पाएनन् । पछि चाबहिलमा अंग्रेजी भाषा पढाउन थाले ।तैपनि उनले जागिरका लागि प्रयास छोडेनन् । १ सय ७० ठाउँमा एप्लिकेसन हालेपछि यूएनएचसीआरमा नाम निकाले । मासिक ४० हजारको पहिलो पक्का जागिर पाउँदा परिवारमै खुसी छायो । जागिर पाए पनि उनले पढाइलाई निरन्तरता दिइरहे । छात्रवृत्तिमा अमेरिका पढ्नका लागि तारन्तर प्रयास गरिरहे । पछि अर्थशास्त्रमा मास्टर्स गर्न ‘फुल ब्राइट स्कलरसिप’ मा अमेरिका उडे । कुनै समय मजदुरी गर्न नागाल्यान्ड पुगेको छोरो पढ्नका लागि अमेरिका उड्नु आमाका निम्ति कल्पना बाहिरको विषय थियो । आमालाई धेरैले भनेछन्, ‘कति भाग्यमानी तिमी ।’शिवकला कम बोल्थिन् । खुसीलाई भित्रभित्रै अटाउँथिन् । अमेरिका गएपछि आमाछोराबीच लामा–लामा कुरा हुन्थे । ‘असाइमेन्ट’ को प्रेसर थाम्न नसकेर उनी आमासँग फोनमा रुन्थे । आमा सम्झाउँथिन् । सुभाषले बोस्टर्न युनिभर्सिटीबाट अर्थशास्त्रमा मास्टर्स गरे । त्यसपछि विश्व बैंकमा जागिरे भए । उनले बाआमालाई अमेरिका बोलाए ।अमेरिकामा छँदादेखि नै शिवकलालाई पेट दुख्ने समस्या सुरु भयो । रोगका विभिन्न संकेत देखिन थालेपछि सुभाषमा चिन्ता छायो । उनले अमेरिकाको करिअर छाडेर परिवारसहित नेपाल फर्के । धेरै ठाउँमा धाउँदा पनि रोग पत्ता लागेन । एक दिन आमाले बान्ता गरिन् । लगत्तै ओम हस्पिटल लगियो । भिडियो एक्सरेपछि थाहा भयो, शिवकलालाई ठूलो आन्द्रामा क्यान्सर भएको रहेछ । त्यो पनि अन्तिम स्टेजको । तर आमाले सकारात्मक भावमा भनिन्, ‘चिन्ता नलिनू, डाक्टरले अपरेसन गरेपछि ठीक हुन्छ ।’ यो बीचमा आमा अत्तालिने, निराश हुने कहिल्यै गरिनन् ।अस्पतालको शय्यामा हुँदा पनि आमा छिमेकीको चिन्ता गर्थिन् । अन्तिम दिनहरूमा उनी छोरालाई सम्झाउँथिन्, ‘बहिनीहरूलाई दुःख नदिनू ।’ सुरुदेखि नै आमालाई छोरामा विश्वास थियो, ‘तिमीले यत्रो गरिरहेका छौ, म निको हुन्छु ।’ बोलिरहने आमा बिस्तारै सुस्त हुन थालिन् । आवाज बस्दै गयो । छोराको मुखमा हात राखेर छाम्थिन् ।२०७४ जेठ १ मा शिवकलाले ५६ वर्षको उमेरमा जीवन विसर्जन गरिन् । मृत्युअघि उनको चाहना थियो, छोराले बनाएको घर हेर्ने । ‘आमाले जतिसक्दो छिटो घर बनाए हुन्थ्यो भन्ने चाहना राख्नुभएको थियो तर देख्न पाउनुभएन,’ सुभाष भन्छन् । दुःखका दिन दूर हुने बेला नै आमाले संसार छाडिन् । ‘जति आमाले दुःख गर्नुभयो, त्यसको लाभ लिन पाउनु भएन । मेरो सफलताको साक्षी बन्न पाउनु भएन,’ सुभाष थकथक मान्छन् ।आमा बितेपछिका दिन सुभाषका निम्ति पीडादायक त थिए नै । तर त्यो पीडालाई उनले सिर्जनशील बनाउन खोजे । गाउँमा आमाका नाममा बाल पुस्तकालय बनाए । आफूले पढेको स्कुलमा आमाका नाममा अक्षय कोष स्थापना गरे । सुभाष यूएनको जागिरमा जति परिश्रम गर्थे, त्यति नै समय र सीपको लगानी उनले दलित आन्दोलनका लागि पनि दिन्थे । अघिल्लो वर्ष उनको सक्रियतामा रूपन्देहीमा दलित ज्ञान उत्सव भयो । त्यो ऐतिहासिक कामलाई अहिले तिलोत्तमा नगरपालिकाले निरन्तरता दिएको छ । दलित रिडरको सुरुवात गरेर विभिन्न अभियान चलाए । ‘राइटिङ फर सोसल जस्टिस’ को अभियान चलाए । जातीय र लैंगिक विभेविरुद्धको स्तम्भ लेख्न सबैलाई प्रोत्साहन गरे ।जीवनमा आउने ठूला अवसर र निर्णयहरूमा सुभाषलाई खड्कने एउटै कुरा हो– आमा । हिजोको दिनमा आमा थिइन्, अक्षरै नछिचोले पनि आमाले दिने सल्लाह सबैभन्दा उत्तम हुन्थ्यो । सुभाषको दुविधा मेटाउने महत्त्वपूर्ण पात्र थिइन्– आमा । अहिले आमा छैनन्, आमाको आशिर्वाद छ । सुभाषलाई प्रेरणा मानेर बेलाबेला भाइबहिनीहरू भेट्न आउँछन् । उनी एउटै सुझाव दिन्छन्, ‘तिमी जीवनमा कुनै निर्णय लिनुअघि आमाको मुख हेर, आमाको संघर्षलाई नियाल । आमालाई सम्झ । यति गर्‍यौ भने कहिल्यै गलत हुनेवाला छैन ।’"
आफू हिँडेको गोरेटोलाई पक्की बाटो बनाउँदै दुई इन्जिनियर,"रोल्पा — रोल्पाका इन्जिनियरद्वय हेमन्त रोका क्षत्री र लोकप्रसाद विष्टलाई घरबाट हिँडेर विद्यालय पुगेको अहिलेजस्तो लाग्छ । उनीहरु कता कता सपनाजस्तो ठानेर अहिले पनि ती दिनको स्मरण गर्छन् । चप्पल लगाएर विद्यालय पुग्दा पसिनाले शरीर असिनपसिन भएको स्मृति ताजा भएर आउँछ । इन्जिनीयरद्वय रोका क्षत्री र विष्टका लागि ती दिन निकै स्मरणीय लाग्छन् । ज्यादै दुःख गरेर विद्यालय पुगेको र शिक्षा हासिल गरेको याद उनीहरुका सामुन्ने ताजा भएर आइपुग्छ यतिबेला ।उनीहरुलाई सबैभन्दा ज्यादा खुशी त्यतिबेला लाग्छ, जतिबेला उनीहरु आफैं हिँडेका गोरेटो बाटोलाई यतिबेला पक्की सडक (कालोपत्र गरिएको सडक) बनाउने योजनामा साथै काम गर्छन् । पूर्वी रोल्पाको सुलिचौर बजार आसापासका सडक योजना निर्माणमा संलग्न हुन पाउँदा ती दुवैलाई धेरै आनन्द पनि लाग्छ । रोल्पाका लागि प्रदेश सरकार र संघीय सरकार मातहतका सडक योजनाको डिजाइन, कार्यान्वयन र अनुगमन गर्ने मौका मिलेपछि उनीहरु यतिबेला निकै खुशी पनि छन् ।रोल्पा लिबाङस्थित सडक पूर्वाधार विकास कार्यालयमा कार्यरत इन्जिनियरद्वयको रोल्पासहित प्यूठान र रुकुम पूर्वसम्मको कार्यक्षेत्रमा काम गर्ने जिम्मेवारी छ । करिब ५ वर्षअघि स्थापना भएको उक्त कार्यालयबाट यस क्रममा तीन जिल्लामा २० वटा झोलुङ्गे पुल, ८ वटा पक्की सडक पुल र ३ सय किलोमिटरभन्दा लामो सडक निर्माण गरिएको छ । चालू आर्थिक वर्षमा करिब ८० वटा सडक योजनाका काम पनि चलिरहेको छ । त्यसमध्ये कतिपय योजना उनीहरु हुर्किबढेका गाउँमा पनि छन् । आफ्नै गाउँघरको विकास गर्न पाउँदा एकातिर इन्जिनियरद्वयलाई आनन्द अनुभूति हुन्छ भने अर्कातिर काम भरपर्दो र नियमसंगत तरिकाले गर्नुपर्छ भन्ने विशेष जिम्मेवारीको बोध पनि भइरहन्छ ।बडाचौर र मिझिङ आसपासका योजना कार्यान्वयन गर्दा इन्जिनियरद्वय नै खट्छन् । ‘हरेक योजनाको काम राम्रोसँग हुन सकोस् भन्ने ठानेर गम्भीर तरिकाले ध्यान दिने गरेका छौं ।’ इन्जिनियर रोका र विष्ट दुवैको एकमत छ । दुवैको सक्रियतामा सुलिचौरदेखि मिझिङ गाउँ हुँदै खुमेल र गजुल पुग्ने सडक, सुलिचौरदेखि कोइरालखर्क, अरेस, तेबाङ, फगाम, पाङ, बडाचौर हुँदै हार्जङ, सिउरी र गाम, सिर्प लगायतका सडक निर्माण गरिएका छन् । तीमध्ये सुलिचौर–किलाचौर–बडाचौर–गुम्चाल अघिसम्मको सडक कालोपत्र भइसकेको छ । सुलिचौर–मिझिङ–खारा, डाइबाङ–कलिबाङ–नुवाकोट, सुनीलमार्ग अन्तर्गतको खारा–गजुल–धबाङ लगायतका सडक कालोपत्र हुने क्रममा छन् । छिर्ने खोला पक्की पुल, घोडा खोला पक्की पुल, लुंग्री खोला पक्की पुल र बोज्याङ खोला पक्की पुल यस क्षेत्रका ठूला योजना हुन् ।जिल्लाका जोखिमयुक्त योजनामध्ये सुलिचौर–थबाङको फुलिवन खण्ड, गंगादेव गाउँपालिकाको पहुँच मार्ग, घर्तीगाउँ–जिनाबाङको ओत खण्डमा नेपाली सेनासँग समन्वय गरेर ब्लास्टिङ गर्ने काम पर्छन् । पूर्वी रोल्पाकै अत्यन्तै विकट मानिएको सेरमदेखि घुसबाङसम्मको सडक निर्माण कार्य जारी छ । सेरमको सिरक्याङ भीर यस क्षेत्रकै चर्चित र डरलाग्दो योजना हो । यीसँगै नयाँ ट्रयाक खोल्ने, सडक चौडा बनाउने, नाला बनाउने र कालोपत्र गर्ने कामका लागि कार्यालयको जिम्मेवारीसाथ इन्जिनियरद्वय खट्दै आएका छन् । उनीहरुको काँधमा पूर्वी रोल्पाको सुलिचौरदेखि थबाङसम्म सडक पुर्‍याउन र रोल्पाका विभिन्न क्षेत्र र पालिकादेखि सदरमुकाम लिबाङलाई जोड्ने सडक निर्माणमा ‘इन्जिनियरिङ’ गर्ने जिम्मेवारी आइपरेको छ । यस्तै एकदेखि अर्को पालिकामा पुग्ने पहुँच सडक निर्माणमा पनि उनीहरुको उत्तिकै भूमिका रहेको छ । स्थानीय तहले निर्माण गरेका सडकको रेखदेखदेखि प्रदेश र संघका सडक योजनाबीच समन्वय र सम्पर्क बनाइ सहजीकरण गर्न पनि उनीहरुमाथि जिम्मेवारी छ ।विद्यालय तहको पढाइपछि विद्यार्थीबीच प्रश्न चल्छ 'अब के पढ्ने ?' अर्थात् कुन विषय पढेर के बन्ने ? भन्ने जिज्ञासा सबैमा हुन्छ । रोल्पाका यी दुईले इन्जिनियर बन्नुअघि त्यस्तो ठोस योजना बनाएका थिएनन् । दुर्गममा जन्मेकाले पढेर जागिरे बन्नुपर्छ भन्ने उद्देश्यले उनीहरु नियमित पढाइमा लागे । हुन पनि त्यसबेला गाउँघरमा अक्षर चिन्न पढ्नुपर्छ भन्ने साधारण मान्यता मात्रै थियो । गाउँले परिवेशमा ती दुवैको सोचाइ पनि यस्तै हुनु स्वाभाविक नै थियो । अलि जाँगर लगाएर पढ्न सके शिक्षक बन्ने आम सोचाइ र धारणा हुन्थ्यो गाउँघरमा । रोल्पाबाट माओवादीले २०५२ देखि सशस्त्र द्वन्द्वको सुरुवात गरेपनि त्यस अघि नै राजनीतिक द्वन्द्व र प्रभाव पनि सुरु भइसकेको थियो । यस्तो अवस्थामा पनि उनीहरु पढ्ने लाइनमै अघि बढेका थिए । यसबीच इन्जिनियरद्वयले साधारणतया भिन्न विधा पकडे इन्जिनियरिङ पढ्ने । भर्खरै बहुदल आएको र रोल्पामा राजनीतिक द्वन्द्वको विजारोपण भइसकेको बेलामा उनीहरुले विद्यालय तहमा अध्ययन गर्दै थिए । गुम्चालका रोका र मिझिङका विष्ट दुवै विद्यार्थी सदरमुकाम लिबाङ बाहिरका हुन् । त्यसैले एसएलसीभन्दा माथिको पढाइबारे बुझ्ने, छलफल गर्ने र निचोड निकाल्ने गाउँमा मेलोमेसो पाउन दुवैका लागि मुस्किल अवस्था थियो । २०५१ को एसएलसी परीक्षामा प्रथम डिभिजन अंक लिएका विष्ट र २०५८ मा एसएलसी परीक्षा प्रथम डिभिजनमा उत्तिर्ण रोका क्षत्री दुवैले ओभरसियर अध्ययन थाले । त्यसबेला इन्जिनियरिङ पढ्न पोखरा वा काठमाडौं पुग्नुपर्ने अवस्था थियो । तैपनि त्यसबेला सिधै इन्जिनियरिङ पढ्न पाउने व्यवस्था थिएन ।सानोमा हिँडेको गोरेटो बाटोलाई आफैं इन्जिनियर भएर कालोपत्र गर्न पाउँदा रोल्पास्थित सडक पूर्वाधार विकास कार्यालय प्रमुख वरिष्ठ इन्जिनीयर हेमन्त रोका क्षत्रीलाई आश्चर्यझैं लाग्छ । पूर्वी रोल्पाको दुर्गम गाउँ गुम्चाल, जहाँ उनी जन्मे र हुर्के । अध्ययन गर्दा र नुनतेल किन्न जाँदा अन्यलेझैं उनले पनि गोरेटो बाटो छिचोल्दै हिँडे । तर सुलिचौरदेखि बडाचौर हुँदै आफ्नै गाउँ गुम्चालसम्म करिब १२ किलोमिटर लामो सडक कालोपत्र गराउन इन्जिनियरको भूमिकामा रहँदा ज्यादै खुशी लागेको उनी बताउँछन् ।‘दुर्गममा जन्मिएकाले म आफैं हिँडेको बाटो पक्की (कालोपत्र) होला भन्ने सोचेको थिइनँ । त्यसमा पनि म आफैंलाई इन्जिनियर भएर सडकको जाँच गर्ने अवसर मिल्ला भन्ने अनुमान पनि गरेको थिइनँ । आफ्नै गाउँघरको विकास गर्न पाउँदा खुशी लागेको छ,’ वरिष्ठ इन्जिनियर ३९ वर्षका रोकाले भने । विद्यालय तहसम्म पढ्ने बेलामा कुन विषय पढ्ने र के बन्ने भन्ने यकिन नभएको बताउने रोकाले परिस्थितिले इन्जिनियरिङ विषय अध्ययन गरेको स्मरण गर्छन् । २०५८ सालमा एसएलसी परीक्षा दिन रोल्पाको गुम्चाल गाउँबाट सदरमुकाम लिबाङ जाँदा रोका क्षत्री साँधुरो गोरेटो पार गर्दै हिँडेका थिए । उनको घर गुम्चालको बेरीगाउँबाट नजिकको बजार सुलिचौर पुग्नुअघि सेवार, बडाचौर, बराहक्षेत्र, किलाचौर र रुइनीबाङ हिँडेरै पार गर्नुपर्थ्यो ।‘भर्खर एसएलसी दिएको बेलामा बुबालाई गुमाउनुपर्‍यो । म घरको जेठो छोरा भएकाले घरको जिम्मेवारी पनि मेरो काँधमाथि आइपर्‍यो । तैपनि पढ्न छाडिनँ,’ रोका भन्छन् । उनका अनुसार माथिल्लो गुम्चाल गाउँको माध्यमिक विद्यालयका प्रधानाध्यापक रहेका बुबा मानसिंह रोकालाई तत्कालीन माओवादी लडाकुले नियन्त्रणमा लिएर हत्या गरेका थिए । त्यसपछि परिवार तितरवितर मात्रै भएन, दुःख र भयको सिकार हुनुपर्‍यो । हिम्मत नहारी अध्ययन गर्न सहर छिरेको उनले सुनाए । बुबाको अभावमा शिक्षिका आमा र मावली मामाकै भरमा आफूले पढ्न पाएको वरिष्ठ इन्जिनियर रोकाले बताए । ‘यसको कथा बेग्लै छ । बुबालाई गैरकानुनी तरिकाले माओवादीले नियन्त्रणमा लिइ हत्या गरेपछि त्यसको पीडा भोग्दै आएका छौं । न्याय पाउन सकिएको छैन,’ उनी गुनासो गर्छन् ।२०७५ मा लोकसेवा उत्तीर्ण भएपछि रोल्पामा कार्यरत रहेका बेला २०८० मा उनी बढुवा भएर वरिष्ठ इन्जिनियर भएका हुन् । कार्यालय प्रमुख भने उनी २०७९ असोजदेखि छन् । जिल्लाको पूर्वाधार क्षेत्रको विकास गर्न निकै इमान्दारितासाथ काममा खटिने स्वभाव भएकाले उनको चाँडै बढुवा पनि भएको पूर्व सांसद लेखनाथ आचार्यले बताए । उनका अनुसार इन्जिनीयर रोका युवा र जाँगरिला भएकाले जिल्लाको विकासमा टेवा पुगेको छ ।यस्तै, २०५१ को एसएलसी परीक्षामा प्रथम डिभिजन अंक लिएर उत्तिर्ण भएका अनुभवी इन्जिनीयर विष्ट मिझिङ गाउँका हुनेखाने परिवारमा जन्मेका हुन् । माध्यमिक तहभन्दा तल्लो कक्षाको शिक्षा दाङस्थित दीपेन्द्र प्रहरी बोर्डिङ स्कूलमा अध्ययन गर्न पाएका उनले ओभरसियर अध्ययन सकेर इन्जिनियरिङ पढेका थिए ।‘एसएलसी पछि के पढ्ने भन्ने द्विविधा भएका बेला आफन्त र अग्रजको सल्लाहमा म इन्जिनियरिङ पढ्न गएको थिएँ । त्यसबेला आजभोलि जस्तो सिधै इन्जिनियरिङ पढ्न पाउने सुविधा थिएन । त्यसैले पहिले ओभरसियर वा सबओभरसियर पढ्ने चलन थियो,’ उनले सुनाए । २०५९ मा इन्जिनियरको पढाइ सकेपछि उनी त्यसैबेलादेखि बागमती सिँचाइ आयोजना अन्तर्गत रौतहट र सर्लाही जिल्लामा काम गर्न पुगे । लोकसेवा परीक्षामा सहभागी भएर जागिरे हुनुलाई महत्त्व नदिएका ४७ वर्षका विष्टले थुप्रै स्थानमा थुप्रै योजना र आयोजनामा काम गरेका छन् । रोल्पामा पनि कन्सल्टेन्टमार्फत् काम गरिरहेका उनले रसुवामा दुई वर्ष, सिन्धुपाल्चोकमा एक वर्ष, अछाममा दुई वर्ष, बाँकेमा तीन वर्ष, प्यूठानमा दुई वर्ष काम गरेर अनुभव संगालेका छन् । उनी २०७६ यता भने रोल्पाका भीर पहरामा इन्जियरिङको काममा व्यस्त छन् ।"
किन उठिरहेछ तेन्जिङ नोर्गे शेर्पालाई ‘भारत रत्न’ दिनुपर्ने माग ?,"विराटनगर — मेचीपारि दार्जिलिङमा छुट्टै राज्य ‘गोर्खाल्यान्ड’ गठनको माग उठ्ने र फेरि सेलाउने क्रम जारी छ । तर, त्यही क्षेत्रबाट उठेको एउटा विशेष माग भने सन् २०१२ देखि निरन्तर छ । माग हो, प्रथम सगरमाथा आरोही तेन्जिङ नोर्गे शेर्पालाई ‘भारत रत्न’ दिनुपर्ने !‘भारत रत्न’ सन् १९५४ यता भारतका सर्वोच्च नागरिकलाई हरेक वर्ष दिइने सम्मान हो । सुरुमा यो पुरस्कार कला, साहित्य, विज्ञान र सार्वजनिक सेवामा विशेष योगदान दिएका व्यक्तिहरूलाई मात्र दिइन्थ्यो । तर सन् २०११ मा भारत सरकारले यसको दायरा विस्तार गरी ‘मानव प्रयासका कुनै पनि क्षेत्र’लाई समेट्ने निर्णय गर्‍यो । त्यसपछि बाक्लियो, तेन्जिङ नोर्गेलाई भारत रत्न दिलाउने अभियान ।तेन्जिङ नोर्गे र न्युजिल्यान्डका सर एडमन्ड हिलारीले सन् १९५३, मे २९ अर्थात् आजकै दिन विश्वको सर्वोच्च शिखर सगरमाथामा पहिलो मानव पाइला राखेका थिए । ऐतिहासिक विजयको यो दिन आज ७२औं वर्षमा प्रवेश गरेको छ ।नोर्गेले पहिलोपटक सगरमाथा चढेको स्मरणमा हरेक वर्षझैं यसपटक पनि भारतको सर्वोच्च नागरिक सम्मान ‘भारत रत्न’ दिनुपर्ने माग पुनः सतहमा आएको छ । तर हरेक वर्ष उठ्ने उक्त माग समयसँगै सेलाउँदै गइरहेको देखिन्छ ।यसपटक उत्तर बंगालका पर्वतारोहीहरू तथा साहसिक गतिविधिमा संलग्न क्लबका प्रतिनिधिले नोर्गेलाई ‘भारत रत्न’ दिनुपर्ने मागलाई फेरि बलियो रूपमा अघि सारेका छन् । भारतको साहसिक खेलकुद तथा पर्वतारोहण क्षेत्रको प्रमुख संस्था हिमालयन नेचर एन्ड एडभेन्चर फाउन्डेसनले बर्सेनि यस मागलाई औपचारिक रूपमा प्रस्तुत गर्दै आएको छ ।संस्थाका संयोजक अनिमेष बोसले यस वर्ष पनि प्रधानमन्त्री नरेन्द्र मोदी, पश्चिम बंगालकी मुख्यमन्त्री ममता बनर्जी र दार्जिलिङका लोकसभा सांसद राजु विष्टलाई औपचारिक पत्रमार्फत माग पेस गरिएको बताए । नोर्गेको योगदान नेपाल र भारतका लागि मात्रै होइन, विश्व पर्वतारोहणको इतिहासमै अद्वितीय रहेको जनाउँदै त्यही कारण नोर्गे उक्त सम्मानको हकदार रहेको उनीहरुको भनाइ छ । ‘उहाँ (तेन्जिङ नोर्गे) साँचो अर्थमा भारत रत्नका हकदार हुनुहुन्छ,’ बोसले भने, ‘भारत रत्न दिन किन ढिला गरिएको हो सरकारलाई सोध्न चाहन्छु ।’उनीसँग सगरमाथा चढेका सर एडमन्ड हिलारीले ‘नाइटहुड’ र ‘अर्डर अफ न्युजिल्यान्ड’ जस्ता विशिष्ट पदक सम्मान पाइसकेका छन् । नेपाल सरकारले नोर्गेलाई ‘नेपाल तारा’ बाट सम्मानित गरिसकेको छ । भारत सरकारले पनि उनलाई ‘पद्म भूषण’ अवार्ड प्रदान गरिसकेको छ । तर, ‘भारत रत्न’जस्तो सर्वोच्च सम्मानका लागि अझै उनी हकदार छन् भन्ने बोसको दाबी हो ।भारतीय जनता पार्टी (भाजपा) बाट निर्वाचित दार्जिलिङ क्षेत्रका लोकसभा सांसद राजु विष्टले सन् २०२० को मार्च १२ मा भारतीय संसद्‌मा भारत रत्नको प्रसंग उठाउँदै नोर्गेलाई यो सर्वोच्च नागरिक सम्मान प्रदान गर्नुपर्ने माग राखेका थिए । संसद्‌मा यो विषय पहिलोपटक उठाउने व्यक्ति विष्ट नै हुन्, तर त्यसबारे केन्द्र सरकार अहिलेसम्म गम्भीर देखिएको छैन ।विष्ट हालै सम्पन्न आम निर्वाचनमा दोस्रोपटक विजयी भई पुनः सांसद बनेका छन् । उनले यसपटक पनि संसदमा नोर्गेलाई भारत रत्न दिनुपर्ने माग पुनः उठाउने बताएका छन् । सञ्चारकर्मीसँग कुरा गर्दै विष्टले यस विषयलाई फेरि प्राथमिकतामा राख्ने प्रतिबद्धता जनाएका छन्  ।सिलिगुडी नगरपालिकाका मेयर तथा तृणमूल कांग्रेसका नेता गौतम देवले केन्द्र सरकारले यो माग लामो समयदेखि बेवास्ता गर्दै आएको आरोप लगाएका छन् । ‘हामीले २०१२ देखि यो माग उठाउँदै आएका छौं । मुख्यमन्त्री ममता बेनर्जीलगायत धेरै नेताले यो विषय केन्द्र सरकारसमक्ष राखेका छन्, तर सरकारले सुनुवाइ गरेको छैन,’ देवले भने, ‘तेन्जिङ नोर्गेलाई भारत रत्न नदिनु केन्द्र सरकारको नियतमै खोट देखिन्छ ।’नोर्गेको सम्मानमा पश्चिम बंगालको सिलिगुडीमा तेन्जिङ नोर्गे बस टर्मिनल स्थापना गरिएको छ । त्यहीँको दार्जिलिङ मोडमा र दार्जिलिङको हिमालयन माउन्टेनिङ इन्स्टिच्युटमा उनको पूर्णकदको सालिक पनि छ ।नोर्गेको प्रभाव अन्तर्राष्ट्रिय स्तरमै देखिएको छ । सन् १९९९ मा अमेरिकाबाट प्रकाशित टाइम पत्रिकाले उनलाई विश्वका प्रभावशाली व्यक्तिमध्ये एकका रूपमा समावेश गरेको थियो भने सन् २००० मा लाइफ म्यागजिनले उनलाई विश्वका उत्कृष्ट १० खेलाडीमध्ये एक घोषित गरेको थियो ।यति मात्र होइन, नासाले पनि प्लुटो ग्रहको एक पहाडलाई ‘तेन्जिङ मोन्टेस’ नाम दिँदै उनलाई विशेष सम्मान दिएको छ । सन् २००३ मा नोर्गेको सगरमाथाको शिखर सफलताको स्वर्ण जयन्तीको अवसर पारेर भारत सरकारले सर्वोच्च साहसिक खेल पुरस्कारको नाम 'तेन्जिङ नोर्गे राष्ट्रिय साहसिक कार्य पुरस्कार'का रुपमा परिवर्तन गरेको थियो ।के हो भारत रत्न ?‘भारत रत्न’ गणतान्त्रिक भारतको सर्वोच्च नागरिक सम्मान हो । यो सम्मान सन् १९५४ जनवरी २ मा स्थापना गरिएको हो । यो सम्मान उत्कृष्ट सेवा वा प्रदर्शनको उच्चतम स्तरमा पुर्‍याएको योगदानका लागि प्रदान गरिन्छ । जसमा जात, पेसा, पद वा लिंगको कुनै भेद गरिँदैन ।सुरुमा यो सम्मान कला, साहित्य, विज्ञान र सार्वजनिक सेवामा उल्लेखनीय योगदान पुर्‍याउनेलाई मात्र दिइन्थ्यो । तर, सन् २०११ डिसेम्बरमा भारत सरकारले यस पुरस्कारको क्षेत्रलाई ‘मानव प्रयासका कुनै पनि क्षेत्रमा’ को रुपमा विस्तार गरेको थियो ।यो पुरस्कारको सिफारिस प्रधानमन्त्रीले राष्ट्रपतिलाई गर्ने गर्छन् । सम्मानस्वरूप राष्ट्रपतिले हस्ताक्षर गरेको प्रमाणपत्र (सनद) र पिपलको पात आकारको पदक प्रदान गरिन्छ । भारत रत्न प्राप्त गर्ने व्यक्ति भारतको औपचारिक प्राथमिकता अनुक्रममा सातौं स्थानमा पर्छन् ।हालसम्म ५३ जनाले यो सम्मान पाइसकेका छन् । जसमा १८ जना मरणोपरान्त सम्मानित भएका छन् । सुरुमा मरणोपरान्त सम्मानको व्यवस्था थिएन, तर सन् १९६६ जनवरीमा तत्कालीन प्रधानमन्त्री लालबहादुर शास्त्रीलाई मरणोपरान्त सम्मान दिन व्यवस्था परिवर्तन गरिएको थियो ।सन् २०१४ मा क्रिकेटर सचिन तेन्दुलकरले भारत रत्न पाएका थिए । यो सर्वोच्च सम्मान पाउने उनी एक्ला र कान्छा खेलाडी हुन् । यो सम्मान सामान्यतया भारतमा जन्मिएका नागरिकलाई दिइने प्रावधान भए पनि केही अपवादहरू पनि देखेको छ ।विदेशी नागरिक मदर टेरेसा, पाकिस्तानी नागरिक अब्दुल गफ्फार खान र दक्षिण अफ्रिकी नागरिक नेल्सन मन्डेलालाई समेत प्रदान गरिएको थियो ।नोर्गेलाई किन दिन मान्दैन भारत ?सन् १९१४ मा सोलुखुम्बुमा जन्मेका तेन्जिङ नोर्गे शेर्पाले नेपाली नागरिककै हैसियतबाट सगरमाथा आरोहण गरेका थिए । त्यसपछि मात्र भारतले उनलाई नागरिकता प्रदान गरेको हो । सगरमाथा आरोहणपछि भारतका तत्कालीन प्रधानमन्त्री जवाहरलाल नेहरूको पहलमा उनलाई भारतीय नागरिकता प्रदान गरिएको थियो ।यही नागरिकता विवादकै कारण बेलायतमा महारानी एलिजाबेथको राज्याभिषेकको बेला उनले ‘जर्ज मेडल’ मात्रै पाए । तर, बेलायतको अत्यन्तै प्रतिष्ठित ‘केबीई’ अवार्डबाट उनी वञ्चित भए । जबकि हिलारी र आरोहण दलका नेता जोन हन्टले भने यो सम्मान पाए । कला, विज्ञान, सार्वजनिक सेवा, मानव सेवा तथा राष्ट्रिय हितमा उल्लेखनीय योगदानकर्तालाई यो अवार्ड दिइन्छ ।नोर्गेले बेलायत, इरान, नेपाल, तत्कालीन सोभियत संघ, फ्रान्स र इटालीबाट धेरै पदक प्राप्त गरेका थिए । भारतले सन् १९५९ मा पद्म भूषण र सन् २००८ मा मरणोपरान्त पद्म विभूषण प्रदान गरिसकेका छ । उनलाई ‘भारत रत्न’ दिनुपर्ने माग पछिल्लो समय पेचिलो ढंगले उठेको छ । उनलाई उक्त सर्वोच्च सम्मान दिन भारत सरकारले किन हिचकिचाहट गरेको त्यसको ठोस कारण त छैन । तर, नागरिकताको द्विविधा र विवादित पहिचानजस्ता विषय नै तगारो बनेको अनुमान गर्न सकिन्छ ।उनलाई रैथाने भारतीय नागरिक मान्ने वा नमान्ने भन्ने प्रश्नले पनि अन्योल बनाएको हुन सक्छ । ‘जसकारण उनलाई सर्वोच्च सम्मान दिने कुरा विचाराधीन राखिएको हुन सक्छ,’ भारतीय पर्वतारोही भाष्कर दासले भने, ‘यद्यपि उनलाई भारत रत्न दिनुपर्छ भन्ने हाम्रो माग जारी छ ।’भारतीय नागरिक भएपछि नोर्गे दार्जिलिङमा बस्थे । दार्जिलिङमा अहिले पनि उनको घर र आफन्तहरु छन् । उनको ७१ वर्षको उमेरमा सन् १९८६ मा निधन भएको थियो । नोर्गे भारतको अल्पसंख्यक (पहाडिया) क्षेत्र दार्जिलिङका बासिन्दा भएकाले केन्द्र सरकारको नजरमा उनको योगदान ओझेल परेको आरोप पनि लगाइन्छ ।‘नागरिकता, क्षेत्रीय पहिचान, केन्द्र सरकारको बेवास्ताका कारण यी ऐतिहासिक पात्र अझैसम्म उपेक्षित बन्नु परेको हो,’ दार्जिलिङका अग्रज पत्रकार विमल राई भन्छन् ।"
अनलाइनको लतले अफलाइनमा निद्रा,"काठमाडौँ — २४ वर्षीय सीडी (नाम परिवर्तन) घरपरिवारसँग टाढा काठमाडौंमा बस्छन् । पढाइको सिलसिलामा काठमाडौं आइपुगेका उनी २ वर्षे कोर्स पढिरहेका छन् । तर ४ वर्ष पुग्न लाग्यो, कोर्स अझै सकिएको छैन । भएको के रहेछ भने एक्लै बस्ने सीडी राति स्क्रिनमा धेरै समय बिताउने रहेछन् । सुत्नुपर्छ भन्ने थाहा हुँदाहुँदै पनि अब एकैछिन भन्दै स्क्रिनमा समय बिताउँदा रहेछन् ।नसुतेकामा वा कुनै फाइदा पुग्ने काम नगरेकामा उनलाई हरेक रात पछुतो हुन्छ । बिहान निद्रा नपुगेर कक्षामा जान नसक्दा आफैंसँग वाचा गर्छन्– आज त समयमै सुत्छु । तर अर्को दिन फेरि उस्तै समस्या दोहोरिन्छ । पछि यही बानी हटाउनका लागि उनी मनोचिकित्सक डा. युजलमान सिंहकहाँ पुगे ।२८ वर्षीया एबी दिनभरि अफिसको काममा व्यस्त हुन्छिन् । बेलुका अफिसबाट थाकेर घर पुग्छिन् । दिनभरि अफिसको काममा व्यस्त हुने भएकाले उनलाई सधैं आफ्ना लागि पर्याप्त समय नभएको महसुस हुन्छ । हरेक दिन बाँच्न पाएको छैन भन्ने पछुतो लाग्छ ।त्यसैले ‘मी टाइम’ अर्थात् आफ्ना लागि समय दिनकै लागि उनी राति अबेरसम्म एक्लै ननिदाई बस्छिन् । डिभाइसहरू प्रयोग गर्छिन् । अन्तिम एउटा ‘एपिसोड’ भन्दै सिरिजको सिजन नै हेरेर सक्छिन् । ‘घर आइपुग्दा थकान हुन्छ । दिनभरिको कामले स्ट्रेस पनि भएको हुन्छ । निद्रा पनि लाग्दैन । अनि माइन्डलाई भुलाउन फोन प्रयोग गर्न मन लाग्छ,’ उनी भन्छिन्, ‘फोन प्रयोग गरुन्जेल राम्रो महसुस त हुन्छ । फेरि बिहान उठ्न नसक्दा बेकार प्रयोग गरेछु भन्ने रिग्रेट पनि हुन्छ ।’मनोचिकित्सक डा. सिंहका अनुसार अचेल सीडी र एबीको जस्तै समस्या लिएर धेरै व्यक्ति आउने गरेका छन् । यो साझा समस्या बनिसकेको सिंह बताउँछन् ।निद्रासम्बन्धी दुई खाले समस्या देखिइरहेको उनको भनाइ छ । एक, निद्रासम्बन्धी कुनै ‘डिसअर्डर’ भएकाले चाहँदा चाहँदै पनि निदाउन नसक्ने । अर्को निदाउन आवश्यक छ भन्ने जान्दाजान्दै र निद्रा लाग्दा लाग्दै ननिदाउने । अर्थात् सुत्ने समय क्रमशः पछि धकेलिँदै जाने ।***सुत्ने समय धकेल्दै जानेहरूको संख्या डरलाग्दो रूपमा बढिरहेको विभिन्न अध्ययनहरूले देखाएको छ । ‘फ्रन्टायर इन साइकोलोजी’ मा सन् २०२१ मा प्रकाशित एक अध्ययनका अनुसार विशेष गरी युवाहरूले जानीजानी ढिलो सुत्ने गरेका छन् । अध्ययनले स्वास्थ्यमा नकारात्मक असर पर्ने थाहा हुँदाहुँदै पनि धेरैजसो युवाले राति अबेरसम्म मोबाइलमा ‘स्क्रोल’ गर्ने, सोसल मिडिया प्रयोग गर्ने वा अनलाइन भिडियो हेरेर समय बिताउने गरेका छन् ।अध्ययनका एक सहभागीले भनेका छन्, ‘भोलि बिहान क्लास छ भन्ने थाहा भए पनि टिकटक र इस्टाग्राम स्क्रोल गर्दै दुई बजेसम्म बस्छु ।’ किन मानिसहरू राति अबेरसम्म स्क्रिनमा समय बिताउँछन् ? विभिन्न अध्ययनहरूका अनुसार यसको विविध कारणहरू छन् । जसमा मनोवैज्ञानिक, जैविक र प्राविधिक कारणहरू छन् ।यसमा पनि बढी मोबाइललगायतका डिजिटल उपकरणको अधिक प्रयोग बढी जिम्मेवार पाइएको छ । विज्ञहरूका अनुसार सामाजिक सञ्जाल प्लाटफर्मले मानिसको मस्तिष्कको खुसी महसुस गराउने प्रणाली अर्थात् ‘डोपामिन’ सक्रिय गराउने गरी डिजाइन गरिएको हुन्छ । हरेक ‘लाइक’, ‘कमेन्ट’ वा ‘स्क्रोल’ मात्रै गर्दा पनि डोपामिन सक्रिय हुन्छ र प्रयोगकर्तालाई खुसी महसुस गराउँछ । यसैले प्रयोगकर्ताहरू बारम्बार त्यो खुसी पाउन सुत्ने समय धकेलिरहन्छ । यो प्रक्रियाले उनीहरूलाई लत बसाउँछ ।त्यस्तै, स्टानफोर्ड मेडिसिनको एक लेखमा उल्लेख भएअनुसार ‘स्क्रोल’पिच्छे नयाँपन अनुभव गराउँछ । ‘हाम्रो मस्तिष्कले नयाँ कुरा पत्ता लगाउने र खोजको क्रममा डोपामिन उत्पादन गर्छ । जसले भन्छ– ‘ध्यान दे, केही नयाँ कुरा आयो ।’ यसैमा ‘एआई एल्गोरिदम’ पनि थपिन्छ । जसले हामीलाई अघिल्लो पटक केके मन पर्‍यो भन्ने सिक्छ र उस्तै प्रकृतिका नयाँ सामग्री सुझाउँछ । त्यसपछि हामी निरन्तर ‘स्क्रोल’ गर्न थाल्छौँ । एकपछि अर्को सामग्रीमा फस्छौं,’ लेखमा उल्लेख छ ।मनोसामाजिक परामर्शदाता आदित्य डंगोल सबैभन्दा पहिलो लतको चक्र बुझ्न सुझाउँछन् । ‘एक पटक कुनै कुरामा एडिक्ट भएपछि जे गर्न पनि त्यसमै भर पर्नुपर्ने हुन्छ । अलिकति नकारात्मक अनुभूति हुनेबित्तिकै त्योसँग डिल गर्ने नभई लत लागेको कुराको प्रयोग गर्ने बानी पर्छ । दुःख, रिस, खुसी जे महसुस गर्दा पनि डिभाइस प्रयोग बढ्छ । एङ्जाइटी पनि बढाउँछ,’ भन्छन्, ‘फोनलाई पनि त्यसरी नै प्रयोग गर्न सकिने हुनाले प्रयोग बढ्छ ।’त्यस्तै विज्ञहरूका अनुसार ‘फोमो’ अर्थात् ‘फियर अफ मिसिङ आउट’ पनि यसकै अर्को कारण हो । ‘कतै छुटें कि ? केही छुटाएँ कि’ भन्ने डर नै ‘फोमो’ हो । मानिसहरू कुनै पनि रमाइलो वा महत्त्वपूर्ण कुरा छुटोस् भन्ने चाहँदैनन् । यही कारण उनीहरू व्यग्रताका साथ सामाजिक सञ्जाल ‘स्क्रोल’ गर्छन् ।बेलायतको ट्रिनिटी कलेजका मनोविज्ञान विषयका प्राध्यापक ब्रायन एन चिनले ‘साइन्टिफिक अमेरिकन’ पत्रिमा प्रकाशित लेखमा फोमो उच्च भएकाहरूले सामाजिक सञ्जाल बढी प्रयोग गर्ने गरेको उल्लेख गरेका छन् । ‘फोमो उच्च भएका व्यक्तिले राति सामाजिक सञ्जालको बढी प्रयोग गर्ने गर्छन् । उनीहरूको निद्राको गुणस्तर कमजोर हुन्छ । नयाँ मेसेज, पोस्ट वा अपडेटको अपेक्षाले अनलाइन बसिरहन सामाजिक दबाब सिर्जना गर्न सक्छ र निद्राको समय ढिलो गर्ने बानीलाई अझ बढाउन सक्छ’, उनको निष्कर्ष छ ।त्यस्तै ‘करेन्ट साइकोलोजी’ जर्नलमा प्रकाशित एक अध्ययनअनुसार तनाव, चिन्ता वा धेरै जिम्मेवारी बोकेका व्यक्तिहरू रातको समयमा ती समस्याबाट केही समय भए पनि टाढा रहन ‘स्क्रिन’को प्रयोग गर्छन् । सामाजिक सञ्जालमा समय बिताउँछन् । तनाव वा नकारात्मक भावनाबाट अलिकति भए पनि राहत पाउन उनीहरूले क्रमशः सुत्ने समय ढिलो गरिरहेका हुन्छन् । तर यस्तो अस्थायी राहतले गहिरो निद्रालाई बिगार्न सक्छ ।एक अध्ययनले युवाहरू ढिलो सुत्नुको प्रमुख कारणमध्ये ‘रिभेन्ज बेडटाइम प्रोक्रास्टिनेसन’ पनि हो । यसलाई ‘आरबीपी’ पनि भनिन्छ । दिनभरिको जिम्मेवारीले आफूलाई दिन नपाएको समय दिन, रातिसम्म एक्लै ननिदाई बस्ने वा एक्लोपनमा रमाउने र सुत्ने समय धकेल्दै लग्नुलाई ‘रिभेन्ज बेडटाइम प्रोक्रास्टिनेसन’ हो ।‘जर्नल अफ हेल्थ साइकोलोजी’ मा प्रकाशित एक अध्ययनमा नेदरल्यान्ड्सका झन्डै २५ सय युवालाई लिएर ‘रिभेन्ज बेडटाइम प्रोक्राटिनेसन’बारे अध्ययन गरिएको थियो । उक्त अध्ययनका अनुसार ७४ प्रतिशत युवा सातामा कम्तीमा एक पटक कुनै ठोस कारणबिना ढिलो सुत्छन् । अर्थात् ‘रिभेन्ज बेडटाइम प्रोक्रास्टिनेसन’ गर्छन् । मनोविद् खुश्बु अग्रवालका अनुसार सुत्नुको सट्टा अबेरसम्म जागा बसेर मनोरन्जनात्मक कार्यमा लाग्नु हाम्रो व्यस्त दैनिक तालिकाविरुद्ध गरिएको ‘प्रतिशोध’ हो ।‘यो अभ्यासले अत्यधिक व्यस्त दिनचर्या भएका व्यक्तिहरूलाई केही समय फुर्सद निकालेर आफूलाई समय दिन सहयोग गर्छ । यद्यपि यसले निद्रासम्बन्धी गहिरो समस्या निम्ताउँछ,’ उनी भन्छिन् ।विज्ञहरूका अनुसार आरबीपी र अन्य ‘इन्सोम्निया’ जस्ता निद्रा नलाग्ने समस्यामा धेरै फरक छ । कतिपय व्यक्तिलाई रातको समयमा काम गर्नु प्रभावकारी लाग्न सक्छ । ती व्यक्ति र निद्रा जानाजान धकेल्ने व्यक्तिमा पनि फरक हुन्छ । अग्रवालका अनुसार ‘प्रोक्रास्टिनेसन’ भनेको सुत्नुपर्ने समय भएको थाहा हुँदाहुँदै पनि जागा बस्नु हो । जसको कारणले बिहान थकान र निद्राले सताउने समस्या देखिन सक्छ । तर ‘इन्सोम्निया’ भनेको निदाउन चाहेरै पनि निदाउन नसक्नु हो ।अग्रवालका अनुसार व्यक्तिगत समयको कमी, तनावपूर्ण तालिका, आत्म नियन्त्रणको अभाव र डिजिटल विचलनहरू जस्तैः फोन र सामाजिक सञ्जाल पनि आरबीपीको कारण बन्न सक्छन् ।विभिन्न अध्ययनका अनुसार फोन, ल्यापटपको ‘स्क्रिन’ बाट ‘ब्लु लाइट’ अर्थात् नीलो प्रकाश आउँछ । त्यही प्रकाशले मानिसको शरीरमा ‘मेलाटोनिन’ नामक हर्मोन उत्पन्न हुन रोक्छ । ‘मेलाटोनिन’ निदाउन मद्दत गर्ने हर्मोन हो । जब ‘मेलाटोनिन’ कम हुन्छ, मानिसलाई स्वतः निद्रा पर्न गाह्रो हुन्छ । त्यस्तै राति कुनै गम्भीर समाचार, भिडियो गेम वा कुनै पनि भिडियो हेर्दा हाम्रो मस्तिष्क सक्रिय अवस्थामा जान्छ । यसले दिमागलाई ब्युँझाउँछ, जसले गर्दा शान्त भएर सुत्न गाह्रो हुन्छ ।त्यस्तै राति अबेरसम्म फोन चलाएर बस्नुका अन्य प्राविधिक कारण पनि छन् । माथी उल्लेख गरिएजस्तै प्रायः सामाजिक सञ्जाल प्लाटफर्ममा निरन्तर ‘स्क्रोल’ गर्न सकिन्छ । ‘स्क्रोल’ गर्दा नयाँ पोस्ट आफैं लोड हुन्छन् । यसले हाम्रो मस्तिष्कलाई बन्द गर्नुपर्ने संकेत दिँदैन । बरु मस्तिष्कमा अरू के छ भन्ने जिज्ञासा पलाइरहन्छ । त्यसैले समय कसरी बित्यो थाहै हुँदैन ।यसले सुत्ने समयमा नै कसरी हानि गर्छ त ? विज्ञहरूका अनुसार रातिको समयमा थकानका कारण पनि निर्णय गर्ने क्षमता कम हुन्छ । ‘स्क्रोल’ बन्द गर्ने कुनै बिन्दु नै नहुने भएकाले मानिसहरू धेरैबेर ‘स्क्रिन’मा व्यस्त हुन्छन् । त्यस्तै मोबाइललगायतका डिभाइसमा आउने ‘नोटिफिकेसन’ पनि ध्यान तान्नकै लागि बनाइएका हुन्छन् । प्रत्येक ‘भाइब्रेसन’ ले पटक–पटक डिभाइस खोल्न बाध्य बनाउँछ ।‘फ्रन्टायर इन साइकोलोजी’ मा सन् २०२१ मा प्रकाशित एक अध्ययनकै अनुसार जो व्यक्तिहरू दिनभरि बढी थकित महसुस गर्छन्, उनीहरू राति ढिला सुत्ने सम्भावना बढी देखिएको छ । त्यस्तै ढिला सुत्ने बानीकै कारण उनीहरूको थकान बढिरहेको हुन्छ । यसरी थकान र निद्राको ‘साइकल’ नै बनिरहेको हुन्छ ।मनोचिकित्सक सिंहकै अनुसार मानिसहरू अनिद्रा र अनिद्राको असरको ‘साइकल’मा फस्ने गर्छन् । ‘हामी निद्रा लागेन भनेर डिभाइस चलाउन थाल्छौं । डिभाइसले निद्रा लाग्न दिँदैन । दिमागलाई पोजिटिभ डिस्टर्सन हुन्छ । अर्थात्, हामीले दिमागलाई रिवार्ड दिएको भनेर झूट बोल्छौं । दिमागले झूट पक्डन सक्दैन । यो साइकल सुरु भएपछि छुटाउनै कठिन हुन्छ ।’त्यस्तै, ‘जेस्टाल्ट थेरापिस्ट’ र ‘साइकोलोजिस्ट’ आशिष काफ्ले ‘स्क्रिन’ हेर्ने बानी नै विस्तारै लतमा परिणत हुने गरेको बताउँछन् । ‘तनाव, एङ्जाइटी, एक्लोपना, अल्छीपना, खाली समय वा अन्य जे कारणले भए पनि दैनिक हामी डिजिटल्ली सक्रिय हुन्छौं भने लत लाग्छ । यसले हामीलाई निदाउन दिँदैन,’ उनी भन्छन्, ‘निद्राको साइकल बिगार्न मानिसहरूकै धेरै बानी हुन्छ भन्ने धेरैलाई थाहा हुँदैन । थाहै नपाई निद्राको साइकल बिगार्ने गरेका हुन्छन् ।’जानाजान निद्राको समय धकेल्ने बानी कम गर्न ‘स्लिप हाइजिन’ बनाउनुपर्ने काफ्ले बताउँछन् । उनी भन्छन्, ‘हाइजिन मेन्टेन गर्न सबैभन्दा महत्त्वपूर्ण भनेको राति डिजिटल्ली एक्टिभ नहुनु हो । त्यस्तै साँझमा कम खाने, साँझमा क्याफिनको प्रयोग कम गर्ने, खाट सुत्नका लागि मात्र प्रयोग गर्ने जस्ता कुराहरू पनि हाइजिनभित्र पर्छ ।’यदि लामो समयदेखि निद्रासम्बन्धी समस्या हुने वा दिनभरि निद्राले सताउने समस्या भएमा स्वास्थ्यकर्मी, निद्रा विशेषज्ञ वा मानसिक स्वास्थ्य विशेषज्ञसँग परामर्श लिनुपर्ने मनोविद् अग्रवालको सुझाव छ ।‘यदि लामो समयदेखि यस्तो समस्या देखिएको छ र यसले काम, पढाइ, सामाजिक, पारिवारिक सम्बन्धमा असर गरिरहेको छ भने परामर्शकहाँ जानुपर्छ,’ उनी भन्छिन्, ‘मानिसहरू अबेरसम्म जागा बस्छन् तर कामका कारण बिहान चाँडै उठ्नुपर्छ । जसले निद्राको अभाव हुन्छ । निद्राको अभावले मानसिक, शारीरिक र भावनात्मक रूपमा क्षणिक र दीर्घकालीन दुवै खालका नकारात्मक असर पार्छ । यसलाई समयमै बुझ्न आवश्यक छ ।’"
रहेनन् घडियाल गोहीका ‘घनिष्ठ गोठाला’,"चितवन — वेदबहादुर खड्काले सहायक संरक्षण अधिकृत भएर आफ्नो जागिरे जीवनको झन्डै दुई दशक चितवन निकुञ्जमा बिताए । खड्का निकुञ्ज कार्यालयमाभन्दा धेरै नारायणी र राप्तीको बगरमा देखिन्थे । बगेको सफा पानीमा बस्ने घडियाल गोही विश्वको निकै दुर्लभ जीव हो । यसको रेखदेख गर्ने जिम्मेवारी खड्काको काँधमा थियो ।चितवन निकुञ्जको मुख्यालय कसरामा रहेको घडियाल गोही प्रजनन केन्द्रको प्रमुख रहेर काम गरेका खड्का अब कहिल्यै नदेखिने, नभेटिने गरेर सोमबार यो संसारबाट बिदा भए । भौतिक रूपमा उनी नरहने पनि नेपालमा घडियाल गोहीको चर्चा हुँदा वेद खड्काको नाम सायदै कसैले बिर्सने छ ।घडियाल जति दुर्लभ जीव हो त्यत्ति नै यसका बारेमा जानकार व्यक्तिहरू नेपालमा निकै नै कम छन् । खड्का घडियालका हरेक पक्षमा जानकार रहँदै ती जानकारीहरूलाई फैलाउन तल्लीन रहने व्यक्ति थिए । समुदाय स्तरमा घडियालका बारेमा सचेतना फैलाउने कामदेखि अन्तर्राष्ट्रिय मञ्चहरूमा पनि पुगेर खड्काले घडियाल संरक्षणमा नेपालले पाएको सफलता संसारलाई सुनाएका थिए ।क्यान्सर भएका खड्काको ६१ वर्षको उमेरमा निधन भएको हो । जागिरे जीवनबाट साढे चार वर्षअघि पुसमा अवकाश पाएका खड्का घडियाल गोही प्रतिको लगावले नै होला अवकाशपछि पनि केही समय कसरा प्रजनन केन्द्रमा नै बसेका थिए । उनले भनेका थिए, ‘लामो समय बसियो । खटेर काम गरियो । अब यहाँ आउनेहरू पनि त्यसरी नै काम गरुन् भन्ने लाग्छ । उनीहरूलाई घडियालका महत्त्व र संरक्षणका बारेमा बताउन पनि केही समय यतै बस्नु पर्‍यो ।’जमिन र जल दुवै ठाउँ बस्ने जीव हो गोही । नेपालमा गोहीका दुई प्रजाति घडियाल र मगर गोही पाइन्छन् । सफा बगेको पानीमा बस्ने, माछा मात्रै खाने घडियाल गोही संकटमा परेको छ । प्राकृतिक बासस्थलमा बाँच्ने दर निकै कम भएपछि घडियाल जोगाउन चितवन राष्ट्रिय निकुञ्जको मुख्यालय कसरामा २०३५ सालमा घडियाल गोही प्रजनन केन्द्र खुल्यो । सो प्रजनन केन्द्रमा २०४९ सालदेखि हाल पनि कार्यरत प्रेम शर्माका अनुसार खड्काले कसरा गोही प्रजनन केन्द्रमा प्रमुख भएर १८ वर्ष काम गरे । चितवन आएपछि बीचमा दुई वर्ष लामटाङ निकुञ्जमा गएका थिए । नभए उनी चितवन र कसराको प्रजनन केन्द्रमै बसे । घडियाल जोगाउने बढाउने काम निकै चुनौतीपूर्ण रहेको छ । समर्पित भएर नलागे यो काममा प्रभावकारी नतिजा आउँदैन ।सन् १९४० सम्म विश्वमा १० हजार जति घडियाल थिए । पाकिस्तान, भारत, नेपाल, भुटान, बंगलादेश र म्यानमारमा पाइने घडियाल सन् १९७० हृवात्तै घटेर संसारभर जम्मा दुई सयको हाराहारीमा पुगेका थिए । त्यसैले घडियाल जोगाउने अवधारणा आएको हो । २०३५ सालमा चितवनमा प्रजनन केन्द्र खुल्दा नेपालमा ५० को हाराहारीमा घडियाल थिए । घडियाल सफा पानीमा मात्रै बस्दछ । नदी र खोलानाला प्रदूषित हुँदा गोहीलाई गाह्रो भएको छ । यसको मुख्य आहारा नै माछा हो । माछामा मान्छेको पनि मन गढेको छ ।यी चुनौतीलाई चिर्न समुदायदेखि नीति निर्मातासम्मलाई सचेत र सजग गराउनु पर्दछ । प्राकृतिक बासस्थलमा घडियालले पारेका अण्डा संकलन गरेर बच्चा कोरल्न प्रजनन केन्द्रमा राख्ने गरिन्छ । घडियालले अण्डा पार्ने समय चैततिर बालुवामा गोहीको गुँड खोज्दै जानु पर्दछ । गुँडमा रहेका अण्डा झिकेर प्रजनन केन्द्रमा ल्याउनु पर्दछ । प्राकृतिक बासस्थलमा घडियाल बाच्न नसकेर संख्या निरन्तर घट्दै गएपछि बच्चा कोरल्न प्रजनन केन्द्रमा अण्डा ल्याउन सुरु भएको हो ।खोला आडको बालुवामा बनाएको गुँडका अण्डा ल्याएर प्रजनन केन्द्रमा बच्चा कोरलेपछि तिनको राम्रो रेखदेख र स्याहार गर्नु पर्दछ । त्यहाँका बच्चा १५० सेन्टिमिटरका भएपछि प्राकृतिक बासस्थलमा छाडिन्छ । अण्डाबाट निस्केको पाँच वर्षपछि बच्चाको लम्बाइ यत्तिको हुन्छ । यसरी हुर्केका बच्चा नदीमा छाडे पनि घडियाल फस्टाउन सकेका छैनन् । चितवनमा सबैभन्दा धेरै घडियाल गोही राप्ती नदीमा छन् । निकुञ्जबाट प्राप्त विवरण अनुसार राप्तीमा १५२ र नारायणी नदीमा ११३ गरी चितवनका खोला र नदीमा कुल २६५ वटा घडियाल छन् । जोगाउनै गाह्रो हुने घडियाल यो संख्यामा पुर्‍याउन खड्काको योगदान प्रमुख रह्यो भन्छन् चितवन निकुञ्जका पूर्व प्रमुख संरक्षण अधिकृत कमलजंग कुँवर । ‘अनुभव र ज्ञान भएको व्यक्ति हुनुहुन्थ्यो र आफ्नो जिम्मेवारी पूरै लगनका साथ पूरा गर्नु भयो । नतिजाले उहाँको लगावलाई पुष्टि गरेको छ,’ कुँवरले भने ।खड्कासँगै अनुसन्धानमूलक लेख लेखनमा काम गरेका आशिष बस्याल जागिरे जीवनमा खड्काको रुचि चराप्रति थियो । तर चितवन पुगेर घडियाल प्रजनन केन्द्रमा बस्न थालेपछि खड्का घडियालको सिल, स्वभाव, अवस्था र संरक्षणका चुनौतीका बारेमा घोत्लिन थाले । चराप्रतिको रुचि पनि उनले त्याग्न त सकेनन् । तर मुख्य रूपले घडियाल संरक्षणमा नै उनी समर्पित भए भन्छन् बस्याल । उनका विभिन्न अन्तर्राष्ट्रिय जर्नलहरूमा ६० को हाराहारीमा अनुसन्धानमूलक लेख प्रकाशित छन् । जसमध्ये २० भन्दा धेरै घडियालका बारेमा नै छन् भन्छन् बस्याल । गोही सम्बन्धी भारत, श्रीलंका, दक्षिण अफ्रिाकामा भएका अन्तर्राष्ट्रिय सभा सम्मेलनमा पनि उनी सहभागी भए । जर्नलमा लेख्ने खड्काले जागिरको सुरुवातमा घडियालका सूक्ष्म विवरण पनि हातैले कागजमा लेखेर राख्थे । जसले गर्दा घडियालको रेकर्ड राख्ने परम्पराको सुरुवात भएको बस्यालको भनाइ छ ।‘प्रजनन केन्द्र सुरुवात गर्न पूर्व प्रमुख संरक्षण अधिकृत रामपृत यादव सरको ठूलो देन छ । यादव सरको देनलाई बिर्सन मिल्दैन । तर यादव सरले सोचेको तरिकाले प्रजनन केन्द्रलाई लैजान खड्काजीको भूमिका महत्त्वपूर्ण छ । यसमा मेहनत र धैर्य चाहिन्छ, जुन खड्काजीमा थियो,’ पूर्व प्रमुख संरक्षण अधिकृत कमलजंग कुँवरले सम्झे । घडियाल अनुगमनका लागि खड्का हप्तौं नदी र बगरमा डुल्थे । बगरमै सुत्थे, डुंगामा खान्थे । अण्डा संकलनमा पनि त्यसरी नै संसार बिर्सेर खोला चाहर्थे । घडियालको उद्धारमा पनि त्यसैगरी कुद्थे । कार्यालयको जिम्मेवारीमा पनि जाँगर चलाउने गर्दथे । मुद्दा अनुसन्धानमा पनि लाग्थे । तर उनको मनमा घडियाल नै हुन्थ्यो । साथीभाइ भेट हुँदा पनि गोहीकै बारेमा धेरै गफगाफ गर्दथे ।नदी र खोलामा प्रदूषण नभए, खेतबारीमा विषादी नराखे पानी सफा र शुद्ध हुन्छ । त्यस्तो पानीमा माछा बस्छ । जथाभावी माछा नमारे घडियालको पनि आहारा पुग्छ । घडियालले माछा मात्रै खान्छ, मान्छेलाई कुनै हानी गर्दैन भन्ने जानकारी उनी समुदायलाई दिन्थे । घडियाल जोगाउनु भनेको वातावरण जोगाउनु हो, नदी जोगाउनु हो र समग्रमा मान्छेलाई नै जोगाउनु हो भन्ने ज्ञान उनी समुदायमा पुर्‍याउँथे । घडियालको संरक्षणमा यसरी लाग्ने व्यक्ति बिरलै जन्मने गर्दछन् । सरकारको काम कहिले जाला घाम भन्ने उखान विपरीत उनले सरकारले सुम्पेको जिम्मेवारीलाई दिन रात, घाम पानी, हिउँद, बर्खा नभनी पुरा गरे । उनलाई घडियालका गोठाला भन्दा फरक पर्दैन । संरक्षणमा समर्पित घनिष्ठ गोठाला ।"
५० वर्षदेखि विराटनगरमा ताडी पिलाइरहेका मोहम्मद अली,"विराटनगर — ९ वर्षअघि, ७४ वर्षको उमेरमा बितेका थिए, चर्चित अमेरिकी बक्सर मोहम्मद अली। मुक्केबाजीको रिङमा सधैँ गुन्जिरहने ‘फ्लोट लाइक अ बटर फ्लाई, स्टिङ लाइक अ बी’ का कारण पनि उनलाई धेरैले सम्झिरहन्छन् । तेजिलो प्रहार र फुर्तिलो चालका लागि अली रिङमा प्रायः भनिरहन्थे, ‘पुतलीजस्तै हल्का उड, माहुरीजस्तै चिल’।तर, विराटनगरको भीडभाडबीच, भट्टाचोक र ठुलो मिलको बीच भागको एक साँघुरो फुटपाथमा ७२ वर्षका अर्का मोहम्मद अली पनि छन्, जसलाई न पुतली जस्तै उड्नु छ, न माहुरी जस्तै चिल्नु ।उनी आधा शताब्दी समयदेखि विराटनगरमा गुमनाम तरिकाले जीवनको रिङमा उभिएका छन्। ‘अली’ नै हुन्, तर मुक्केबाज हैनन्। यी अली वर्षौँदेखि ताडीको स्वाद पिलाउँदै चिसो छायाँ र फुटपाथको टेकोमा बाँचिरहेका भुँइमान्छे हुन् । उनका अगाडि सधैंजसो केही सेता बोतल, खाली गिलास र एउटा दुइटा जर्किन हुन्छन् । भुईँमै बस्छन् । ताडी किन्न आएका ग्राहकसँग बोल्न त नेपाली नै बोल्छन्, तर, कम्ती बोल्छन्।उनको अनुहारमा आश्चर्यजनक सन्तोष देखिन्छ । ‘विराटनगरको यो फुटपाथ नै मेरो संसार हो’, अलीले मन्द मुस्कान सँगै भने,‘ताडी नै मेरो जिन्दगानी भयो ।’विराटनगरदेखि बिहार दरभंगाको दूरी बढीमा २०० किलोमिटर छ । एकैदिनमा ओहोर–दोहोर गर्न सकिने सहज दूरीको यही बाटो मोहम्मद अलीका लागि साधारण छैन । अली ५० वर्षदेखि यही बाटो हुँदै ताडीको मिठास बोकेर दरभंगा–विराटनगर ‘वारि–पारि’ गरिरहेका छन् ।यो कथाको सुरुआत ७२ वर्षदेखि कै हो । उनका बुबा अब्दुल रसिद रोजगारीको खोजीमा जब नेपाल पसेका थिए । ‘जुन साल म जन्मेँ, त्यही साल बुबा नेपाल जानुभयो,’ अली सम्झिन्छन्,‘त्यसैले नेपालसँगको मेरो सम्बन्ध धेरै पुरानो छ । धेरै माया लाग्छ नेपालको मलाई ।’ नेपाल उनको कर्मभूमि हो, जहाँ वर्षौँदेखि पसिना बगाएर जीवनको चर्खा घुमाएका छन् ।रसिदको ससुराली सीमावर्ती जोगबनीमा थियो । ससुरालीले उनलाई कामका लागि विराटनगरको जुट मिल बोलाएका रहेछन् । दरभंगामा न कारखाना थियो, न उद्योग–धन्दा । रोजगारीको अभावमा उनी एक बचनमै सहमति जनाएर गाडी चढेर जोगबनी ओर्लिए ।केही दिन ससुरालीको मेजबानीमा बसेपछि, रसिद जुट मिलमा काम गर्न भर्ना भए । तर जुट मिलको तातो हावा उनलाई मन परेन । कठोर काम, थकान र साँघुरो मजदुर जीवन । त्यही भएर छिट्टै जागिर छाडे । त्यसपछि उनले रोजे ताडीको चिसो रससँग घुलमिल हुने स्वतन्त्र जीवन ।‘जुट मिलमै काम गर्ने एक जना साथीको माध्यमबाट बुबाले ताडी बेच्न थाल्नुभएको थियो’, अली सम्झिन्छन्, ‘हात्तीमुढालगायतका क्षेत्रमा ताडीका धेरै रुख थिए । त्यहीँको ताडी बेचेको आम्दानी घर पठाउनु हुन्थ्यो । हामी त्यही पैसाले गुजारा चलाउँथ्यौं ।’ अलीले धेरै पढ्न पाएनन् । जीवनले पढ्नुभन्दा पहिले नै कमाउने बाध्यतातिर डोर्‍यायो ।झन्डै २० वर्षका थिए उनी, एक दिन अचानक नेपालबाट खबर आयो, बुबा रसिद गम्भीर बिरामी छन् भनेर । कसैले बोलाउन पठाएको थियो । अली केही नसोची दौडिँदै विराटनगर आए । पत्ता लाग्यो, रसिद ताडीको रुखबाट लडेर गम्भीर घाइतेका रहेछन् । शरीर थला पर्‍यो, र ताडी बेच्ने काम ठप्प भयो ।त्यसपछि अलीले बाबुको जिम्मेवारी काँधमा लिए । बिस्तारै बुबा निको भए, अनि बुबा–छोरा मिलेर ताडी बेच्न थाले । तर, ताडी बेच्न सजिलो थिएन । एक पटक त विराटनगरका एक भट्टी पसलेले रसिदविरुद्ध अदालतमा मुद्दा नै हाले । अभियोग थियो, ‘रक्सीका ग्राहक ताडीमा भड्काएको ।’जहाँ विगतमा भट्टी पसल थियो, आज त्यो ठाउँलाई ‘भट्टी चोक’ भनिन्छ । तर, अली र रसिदको ताडी व्यापार भने रोकिनेवाला थिएन । ‘साहुजीले ताडीले गर्दा रक्सीको व्यापार बिग्रियो भनेर मुद्दा हालेपछि बुबाले लाइसेन्स लिनुभयो’, अली सम्झिन्छन्, ‘ऊ बेला ताडी बेच्न पनि लाइसेन्स दिने गरिन्थ्यो ।’ताडी एक प्रकारको प्राकृतिक पेय हो । जुन ताडी या खजुरको रुखबाट निक्लिन्छ । यो रस रुखको फेद नजिकको भाग छेडेर जम्मा गरिन्छ । ताजा ताडी मिठो, हल्का अमिलो र पौष्टिक हुन्छ । खास गरी तराईका जिल्लाहरू, भारतको बिहार, उत्तर प्रदेश र दक्षिण भारतमा ताडी धेरै प्रचलित छ । गर्मीमा ताजा ताडी पिउनु स्वास्थ्यका दृष्टिले निकै लाभदायक हुने चिकित्सकहरूको दाबी पनि छ ।रसिदको निधनपछि पनि अलीले एक्लै व्यापारलाई निरन्तरता दिए । ताडी त वर्षभरि पाइन्छ, तर गर्मी मौसममा यसको माग बढी हुन्छ । उनले अनुभव सुनाउँछन्, ‘ठन्डीमा त धेरै बिक्दैन, गर्मीमै हो बिक्ने ।’ पहिला त उनी एक रुपैयाँ प्रति लिटर ताडी बेच्थे, अहिले त्यो मूल्य सय रुपैयाँसम्म पुगेको छ ।एक सिजनमा उनी करिब ५०–६० हजार रुपैयाँसम्म कमाउँछन्, खर्चबर्च कटाएर । वर्षौ पुराना ग्राहकहरू अझै पनि ताडीको स्वाद चाख्न यो फुटपाथ धाइरहन्छन् । ‘पहिले साइकलमै आउँथे, अहिले त धेरैजसो कार चढेर आउँछन्,’ उनी हाँस्दै भन्छन्,‘ताडी बेच्न म सडकमाथि, मेरा ग्राहकहरू कारमाथि ।’७० वर्षदेखि नेपालसँगको गहिरो सम्बन्ध भए पनि अलीको स्थायी घर नेपालमा छैन, केबल डेरा मात्र छ । गर्मीमा नेपाल आउँछन्, ताडी व्यापार चलाउँछन् । खेतीको मौसम सुरु भएसँगै दरभंगातिर फर्किन्छन् । ‘घर बनाएर नेपालमै बस्ने कहिल्यै सोच आएन’, उनी गर्वका साथ भन्छन्, ‘नेपाल मेरो कर्मभूमि हो, मातृभूमि छाड्न मन मान्दैन ।’छोरा–छोरीको हुकाई बढाई, सादी बिहे पनि यही ताडी व्यापारकै बलमा सम्भव भयो । अलीका लागि विराटनगर हाम्रा युवाहरूको ‘खाडी’ जस्तै हो । ‘जतिन्जेल सक्छु, नेपाल आएर ताडी बेचिरहन्छु,’, उनले आधा हिन्दी भाषा पनि मिसाउँदै भने, ‘नसकेका दिन देखा जाएगा ।’अलीको यो कथा ताडी व्यापारीको मात्रै होइन, यो एउटा परम्परागत, सीप, सीमापार सम्बन्ध, र जीवनको मिहिन संघर्षको कथा हो । जहाँ सास रहुन्जेल ताडी बेच्ने संकल्प छ । उनी सँग छ, ताडीको स्वादसँगै जीवनको मिठास बाँड्ने उत्कट चाह पनि ।"
"कमैया थिए, वडाध्यक्ष बने, अहिले साइकल मर्मत गर्छन्","बर्दिया — बर्दियाको बढैयाताल गाउँपालिका–९ को अध्यक्ष थिए, कान्छु थारू । पाँच वर्ष वडाको नेतृत्व गर्दा जनताका पीरमर्का बुझे । अभाव र समस्यासँग अझ नजिक भए । जब उनको कार्यकाल सकियो, आफ्नो सीपलाई खेर जान दिएनन् । साइकल मर्मत गर्न थाले ।राजनीतिक जिम्मेवारीको कुर्सीमा ५ वर्ष बिताएका उनमा पुरानो पेसाप्रतिको मोह भने कदापि घटेको छैन । वडाध्यक्षको कार्यकाल सकिएपछि तीन वर्षदेखि उनी वडा कार्यालयकै अगाडिपट्टि सानो पसल थापेर बसिरहेका छन् । जहाँ उनी साइकल मर्मत मात्रै गर्दैनन्, फोटोकपी मेसिन राखेका छन्, किराना पसल पनि चलाउँछन् ।वडा कार्यालयमा आउने सेवाग्राही सल्लाह सुझावका लागि पनि पहिला कान्छुकै पसल छिर्छन् । ‘५ वर्ष वडाको अभिभावक भएर काम गरेँ,’ बढैयाताल–९ टेसनपुरका ६२ वर्षीय उनी भन्छन्, ‘काम गर्दागर्दै वडावासीसँग गहिरो सम्बन्ध गाँसियो । नयाँ मान्छेलाई अवसर दिन पनि २०७९ सालको निर्वाचनमा नउठ्ने निर्णय लिएको हुँ ।'अहिले जिम्मेवारीमा नभए पनि वडा कार्यालयमा सेवा लिन आउने सेवाग्राहीलाई उनी सल्लाह सुझाव दिइरहेका भेटिन्छन् । 'मेरो आवश्यकता खड्किए उनीहरुको कामका लागि सदरमुकाम गुलरियासम्म पुग्ने गरेको छु,‘ उनी भन्छन्, 'आर्थिक सबै कुरा होइन, धेरै कमाउने उद्देश्य भए बजारतिर पसल राख्थेँ होला, वडावासीको सेवा गर्न कार्यालय नजिक पसल गरेको छु ।' खाली बस्नुभन्दा आफूसँग भएको सीपलाई खारिराख्न साइकल ममर्त पनि गर्ने उनको भनाइ छ ।२०३६ सालतिर २ कक्षासम्म पढेर उनी कमैया बस्न बाध्य भएका थिए । २०५७ सालमा कमैयाबाट मुक्त भएर खेती किसानी गरे । २०७२ सालमा शीतलाबजारमा साइकल पसल सुरु गरे । २०७४ सालमा माओवादीबाट वडाध्यक्ष उठेका उनी निर्वाचित भए । ‘धेरै पढाइ नभए पनि ८-९ वर्ष संघसंस्थाको सहकार्यमा काम गरेकाले ५ वर्ष वडा चलाउन खासै समस्या परेन,’ उनी भन्छन् ।दुई छोरा, दुई बुहारी, तीन नातिनातिना र श्रीमान्-श्रीमती गरी उनको ९ जनाको परिवार छ । ‘लोक सेवाबाट नाम निकालेर ठूलो छोरा कपिलवस्तुमा शिक्षण पेशामा आबद्ध छ, ठूली बुहरी पनि शिक्षक छिन्, सानो छोरा वैदेशिक रोजगारमा छ,’ उनले भने, ‘यता म पनि दिनभरि मेहनत गर्दा दैनिक ज्याला कहीँ जाँदैन ।’उनका अनुसार काम ठूलोसानो भन्ने हुँदैन । आफूसँग सीप छ भने जहाँ जुनसुकै अवस्थामा पनि प्रयोग गरेर खान लाज मान्नु हुँदैन ।उनी वडाध्यक्ष हुँदा वडावासीहरुको हितका लागि सन्तोषजनक काम गरेको टेसनपुरका हिरासिंह थारु सम्झिन्छन् ।"
"सुदूरपश्चिमका द्वन्द्वपीडित : कोही न्यायको आसमा, कोही आफन्तको पर्खाइमा","काठमाडौँ — २०५९ कात्तिक १५ को साँझ । ७ बजे रेडियो नेपालमा समाचार बज्यो- ‘सरकारी फौज र आतंककारीबीचको झडपमा गोली लागेर कैलालीको पहलवानपुरमा एकजनाको निधन भएको छ । मृतक पवेरा गाविस-१ का आशाराम (परिवर्तित नाम/ठेगाना) रहेको पुष्टि भएको छ ।’छेउमै बसेर समाचार सुनिरहेकी फूलमती (परिवर्तित नाम) आत्तिँदै रेडियो नजिकै गइन् । पूरा समाचार सुनेपछि उनको मनमा चिसो पस्यो । नपसोस् पनि कसरी, खबरमा भनिएको ठाउँ, गाउँ र मृतकको नाम श्रीमान्‌सँग ठ्याक्कै मिलेको थियो । परिवारमा रुवाबासी चल्यो । फूलमती त्यो सामचार सत्य मान्न तयार थिइनन् । उनी सासू-ससुरालाई सम्झाउन थालिन्, ‘आशारामलाई केही भएको छैन । घर आउने समय भयो । अब आइपुग्नुहुन्छ ।’फूलमतीले भनेजस्तै आशाराम त आएनन्, बरु गाउँभरिका मान्छे भने दौडिएर घरमा आइपुगे । कसैले खबर ल्यायो, ‘पहलवानपुरमा मारिएको मान्छे आशाराम दाइ नै हो रे ।’ केहीबेरमै खबर पक्का भयो- हत्या गरिएका व्यक्ति फूलमतीकै श्रीमान् थिए ।आशाराम न कुनै नेता न सुरक्षाकर्मी । गाउँका सामान्य पसले थिए । तर समाचारमा उनका लागि माओवादी, आतंककारीजस्ता शब्द प्रयोग भए । सदाझैं पसल खोल्न बिहानै घरबाट हिँडेका उनी त्यसपछि कहिल्यै फर्किएनन् । कसले गोली चलायो ? किन हत्या गरियो ? शव कहाँ छ ? कुनै उत्तर थिएन । दोस्रो दिन बिहान फूलमती पसल पुग्दा तोडफोड र सामान लुटिएको रहेछ ।आसपासका केही मान्छेले माओवादी हो भन्दै सेनाले लगेको उनलाई सुनाए । ‘त्यो द्वन्द्वकालीन समयमा प्रश्न सोध्न पनि सकिँदैनथ्यो,’ फूलमती भन्छिन्, ‘सास नभए पनि लास त भेटिएला भनेर धेरै कोसिस गर्‍यौं तर पाएनौं ।’श्रीमान्‌को हत्यारालाई करबाही गर्न भन्दै फूलमतीले जिल्ला प्रहरी कार्यालय कैलालीमा मुद्दा दर्ता पनि गरिन् । न्याय त परको कुरा, न छानबिन भयो, न चित्तबुझ्दो जवाफ आयो । उल्टै उनलाई माअेवादी हो भन्दै अपहरण गरेर अत्तरियाको तेघरी ब्यारेक पुर्‍याइयो । त्यहाँ शारीरिक र मानसिक हिंसा भोगेको उनी सुनाउँछिन् ।फूलमती २६ वर्षको उमेरमा विधवा भइन् । दुई सन्तान हुर्काइन् । सरकारबाट सहयोगका नाममा १० लाख रुपैयाँ पाइन् । त्यो पैसाले केही सहयोग त पुग्यो तरश्रीमान्‌काअगाडि खासै ठूलो अर्थ राखेन । उनको माग पैसाभन्दा हत्यारालाई कारबाही होओस् भन्ने थियो । अब त्यो आस पनि मरिसकेको छ ।श्रीमान्‌कोसम्झनामा फूलमतीले दुई कुरा चटक्क छाडिन् । एउटा पहलवानपुरको पसल, अर्को रेडियो । भन्छिन्, ‘आज पनि कतै रेडियो बजेको सुन्दा डर लाग्छ ।’ श्रीमान् बितेको २३ वर्ष बिते पनि रेडियोको त्यो खबर अझै उनको कानमा गुञ्जिरहन्छ ।कैलालीकी कृष्णीदेवी चौधरीको कथा पनि फूलमतीको भन्दा फरक छैन । उनका श्रीमान् विनोद चौधरी ०५८ फागुन २७ गते कामको सिलसिलामा घरबाहिर जाँदा अपहरणमा परे । त्यतिबेला विनोद कैलालीको शिव प्राविका स्थायी शिक्षक थिए ।फागुन २७ देखि ०५९ जेठ १५ सम्म तेघरी ब्यारेकमा राखिएका विनोदलाई त्यो बेलासम्म खाना, लत्ताकपडा लगेर कृष्णीले पनि भेटेकी थिइन् । तर जेठ १६ गते राति ब्यारेकबाट सरुवा गरिने भन्दै त्यहाँबाट बेपत्ता पारेको उनले बताइन् । ‛जेठ १५ सम्म त उहाँ त्यहीँ हुनुहुन्थ्यो । तर १६ गते राति त्यहाँबाट सरुवा गर्ने भनेर लगियो । हामीलाई त लगेको पनि थाहा थिएन । उहाँ सँगै बस्नुभएको साथी अनिल चौधरीले भनेपछि थाहा पायौं । आँखामा पट्टी बाँधेर लगेका हुन् रे,’ उनले भनिन् ।बेपत्ता भएको १९ वर्षसम्म कुनै खबर नआएपछि आफन्तको सल्लाहमा ४ वर्षअगाडि श्रीमान्‌को अन्तिम संस्कार गरेको उनले सुनाइन् । सहयोगका नाममा सरकारबाट उनले केही पाएकी छैनन् । ‘परिवारमा एकजनालाई रोजगारीको व्यवस्था गरिदिए सहज हुने थियो,’ उनी भन्छिन् । बुवा बेपत्ता हुँदा ३ वर्षका उनका छोरा अहिले २५ वर्षका छन् ।कञ्चनपुरकी लक्ष्मीदेवीले भने छोरी परलोटीको बाटो कुरेको २३ वर्ष कट्यो । ०५८ फागुन १३ गते विद्यालय गएकी परलोटी त्यसपछि घर फर्किइनन् । १५ वर्षकी उनी सधैंजसो त्यो दिन पनि बिहानै विद्यालय गइन् । साँझसम्म नफर्किएपछि अभिभावकले खोजी सुरु गरे । छोरी त फेला परिनन् तर परिवारले उनको अपहरण भएको जानकारी भने पाए । अपहरण भएको तेस्रो दिन फागुन १६ गते जिल्ला प्रशासन कार्यालय कञ्चनपुरमा खोजीको अपिल गर्दै अभिभावक पुगे । तर, केही पत्ता लागेन । त्यसयता राष्ट्रिय मानव अधिकार आयोग, माइती नेपाल, इन्सेक, कारागार र हेडक्वाटरसम्म पुग्दा पनि परलोटी फेला नपरेको लक्ष्मीको पीडा छ ।‘बिहान राम्रैसँग स्कुल गएकी छोरीलाई स्कुलबाटै अपहरण गरेर लगे । त्यसपछि खोजीनिती गर्दा आर्मीको ब्यारेकमा छ भन्ने थाहा पायौं । त्यहाँ हामीलाई जान दिइएन,’ उनी भन्छिन्, ‘कति दिनसम्म त यतै छ भन्थे, पछि कता लगे थाहै भएन ।’ २३ वर्षपछि पनि लक्ष्मीलाई त्यो दिनले पोलिरहन्छ ।छोरी फर्किन्छे कि भन्ने आस उनले अझै मारेकी छैनन् । ‘मलाई मेरी छोरी बितेको छ जस्तो लाग्दैन । कतिबेला टुप्लुक्क आउँछे अनि आमा भनेर बोलाउँछे जस्तो लाग्छ,’ लक्ष्मीले रुँदै भनिन् । छोरीको अवस्थाबारे पटकपटक सरकारसँग आग्रह गर्दा पनि आश्वासन मात्रै पाएको उनको गुनासो छ । सरकारबाट उनले अहिलेसम्म २ लाख क्षतिपूर्तीबाहेक अरु केही पाएकी छैनन् । आफूलाई राहत नभई छोरी चाहिएको लक्ष्मी बताउँछिन् ।फूलमती, कृष्णी र लक्ष्मी प्रतिनिधि पात्र मात्रै हुन् । राज्य पक्ष र तत्कालीन माओवादीबीच भएको सशस्त्र द्वन्द्वमा मारिएका, बेपत्ता परेका र अंगभंग भएका सबै परिवारको अवस्था लगभग उस्तै छ । ०७१ सालको माघमा सत्य निरूपण तथा मेलमिलाप आयोग र बेपत्ता पारिएका व्यक्तिको छानबिन आयोग गठन भए । तर जुन उद्देश्यका साथ आयोग बने राज्यले त्यो पूरा गर्न सकेनन् ।अनौपचारिक क्षेत्र सेवा केन्द्र इन्सेकका सुदूरपश्चिम प्रदेश प्रमुख खडकराज जोशी द्वन्द्वपीडितका लागि आयोगले कुनै पनि काम गर्न नसकेको बताउँछन् । ‘आयोगले इमानदारीसाथ काम गरेन । जसका लागि गठन भए, तिनै द्वन्द्वपीडित यिनका विरुद्धमा आवाज उठाउँछन्,’ जोशी शंका व्यक्त गर्छन्, 'यी आयोगले वास्तविक पीडितका लागि काम गर्लान् भन्ने पनि आस छैन ।'इन्सेकको तथ्यांकअनुसार सशस्त्र द्वन्द्वबाट सुदूरपश्चिममा १ हजार ६ सय ८२ जना प्रभावित भएका छन् । जसमध्ये १ हजार ५ सय ५८ जनाले ज्यान गुमाएका छन् भने ५९ जना बेपत्ता पारिएका छन् । यस्तै, ६५ जना अपांग भएका छन् । प्रभावितहरुमा १ हजार ४ सय ७३ पुरुष र २ सय ९ जना महिला छन् ।द्वन्द्वमा हिंसा र यौन हिंसामा परेका महिलालाई सरकारले अभिभावकत्व प्रदान गर्नुपर्नेमा उनीहरु लक्षित काम गर्न नसकेको राष्ट्रिय द्वन्द्वपीडित महिला सञ्जाल कैलालीकी अध्यक्ष कृति चौधरी बताउँछिन् । ‘द्वन्द्वपीडत महिला अहिले पनि त्यो घटनाबाट माथि उठ्न सकेका छैनन्,’ उनी भन्छिन, ‘अझ यौन हिंसामा परेका महिला त गम्भीर स्वास्थ्य समस्या र मानसिक समस्या भोगिरहेका छन् ।’उनका अनुसार द्वन्द्वमा यौन हिंसामा परेको थाहा पाएपछि पीडित महिलाहरु परिवारबाट पनि हिंसा भोगिरहेका छन् । सरकार द्वन्द्वपीडतका समस्या र मुद्दाबाट पन्छिन नमिल्ने उनी बताउँछिन् ।"
ट्रम्प–मस्क दुरी बढ्दै,"वासिङ्टन — अमेरिकी राष्ट्रपति डोनाल्ड ट्रम्प र उनका पूर्व वरिष्ठ सल्लाहकारसमेत रहेका अर्बपति एलन मस्क एकअर्काबीच सार्वजनिक रूपमै टीकाटिप्पणीमा उत्रिएका छन् । बिहीबार ओभल अफिसमा जर्मनीका नेतासँगको भेटका क्रममा ट्रम्पले आफ्नो सल्लाहकार समेत रहेका मस्क एकाएक सामाजिक सञ्जालमा आफूविरुद्ध खनिन थालेको बिलौना गर्न भ्याए ।अर्बपति मस्क हाउस अफ रिप्रेजेन्टेटिभ्स (अमेरिकी संसद्को तल्लो सदन) मा पास गरिएको कर र खर्चसम्बन्धीको विधेयकलाई लिएर केही दिन अघि ट्रम्पको कडा आलोचनामा उत्रिएका थिए । साथै उनले यसलाई ‘घिनलाग्दो’ कदमका रूपमा टिप्पणी गरे । मस्कले ट्रम्पलाई सामाजिक सञ्जालमा जवाफी पोस्ट गर्दै भने, ‘यो विधेयक मलाई एक पटक पनि नदेखाएर रातारात यसरी, यति चाँडो पारित गरियो कि कंग्रेसमा लगभग कसैले पनि यसलाई पढ्न पाएनन् ।’आफ्ना समर्थकहरू मध्येका एक मस्कका यी पछिल्ला अभिव्यक्तिमाथि ट्रम्पले आपत्ति जनाउँदै आएका छन् । उनले मस्कको कदमलाई ‘एकदमै निराशा’ को संज्ञा दिँदै अचम्मित तुल्याएको बताउँदै आएका छन् ।मस्क ट्रम्पको चुनावी गतिविधिमा सक्रिय रूपमा लागेका थिए । गत जनवरीदेखि राष्ट्रपति कार्यालयका प्रमुख सल्लाहकार बनेका उनले हालै एक हप्ताअघि जिम्मेवारी त्यागेका हुन् । ट्रम्पले मस्कले ह्वाइट हाउसमा यसअघि कार्यरत रहेको बिर्सिएको र उनमा ‘ट्रम्प डिरेन्जमेन्ट सिन्ड्राेम´ ले जरा गाडेको बताए ।‘उनले मेरो व्यक्तिगत सवालमा केही बोलेका छैन्न्, तर म विश्वस्त छु कि त्यो पनि आउँछ,’ ट्रम्पले भनेका छन्, ‘तर म एलनसँग एकदमै अचम्मित तथा निराश छु, किनकि मैले पनि एलनलाई धेरै मद्दत गरेको छु ।´"
रुसले युक्रेनमाथि जवाफी हमला गर्न सक्ने ट्रम्पको संकेत,"वासिङ्टन — केही महिनायता रुसले युक्रेनका सैन्य र नागरिक क्षेत्रहरूलाई लक्षित गरेर हरेक साता १ हजारभन्दा बढी ड्रोनहरू प्रहार गरिरहेको थियो । गत साता मात्र एकै रातमा ३ सयभन्दा बढी ड्रोन प्रयोग गरेर रुसले युक्रेनमा हमला गरेको थियो । तर आइतबार युक्रेनले पनि रुसको सैन्य एयर बेसमा राखिएका बमवर्षक विमान लक्षित ड्रोन आक्रमण गर्‍यो । यो ड्रोन आक्रमणमा रुसले करोडौं डलर पर्ने १२ भन्दा बढी बमवर्षक विमान गुमाउन पुग्यो ।युक्रेनको पछिल्लो ड्रोन आक्रमणसँगै अमेरिकी राष्ट्रपति डोनाल्ड ट्रम्पले रुस–युक्रेन शान्तिका लागि गरिरहेको मध्यस्थतामा पनि असर पर्ने भएको छ । रुसका राष्ट्रपति भ्लादिमिर पुटिनले ट्रम्पलाई आफ्ना बमवर्षकहरूमाथि गरिएको हमलाको बदला लिइने बताएका छन् । आइतबारको युक्रेनी हमलापछि ट्रम्पले बुधबार पुटिनसँग कुराकानी गरेका थिए । ‘यसले युद्धविरामका लागि पहिले नै कमजोर आशालाई स्पष्ट रूपमा धमिलो पारेको छ,’ उनले भने, ‘राष्ट्रपति पुटिन आफ्नो हवाई क्षेत्रहरूमा हालै भएको आक्रमणको जवाफ दिनुपर्ने बताएका छन् ।’ट्रम्पको आग्रहमा युक्रेन र रुसबीच सुरु भएको भेटवार्ता हालसम्म रद्द भने गरिएको छैन । साथै, युक्रेनले युद्धविरामको प्रस्तावमा एक साताअघि नै सहमति जनाइसकेको छ । तर रुसले त्यसमा पनि कुनै प्रतिक्रिया दिएको छैन । यद्यपि पुटिन र युक्रेनका राष्ट्रपति भ्लादिमिर जेलेन्स्कीले बुधबार एकअर्कामाथि आक्रोश पोखेका छन् । दुवैले एकअर्कामाथि आक्रमण तीव्र पारेर शान्तिको सम्भावनामा खलल पुर्‍याएको आरोप लगाएका छन् ।बुधबार ट्रम्प र पुटिनबीच करिब एक घण्टा लामो फोनवार्ता भएको थियो । जसलाई ट्रम्पले राम्रो कुराकानी भए पनि त्यसले तत्काल शान्तितर्फ नडोर्‍याउने प्रतिक्रिया दिएका छन् ।क्रेमलिनका विदेश नीति सहयोगी युरी उसाकोभले फोनवार्ताका बारेमा पत्रकारहरूलाई जानकारी दिएका थिए । तर उनले पुटिनले ट्रम्पसँग युक्रेनविरुद्ध बदला लिनेबारे केही भने कि भनेनन् भन्ने खुलाउन चाहेनन् । उनले युक्रेनले रुसको रेलमार्गसहित अन्य संवेदनशील क्षेत्रमा गरेको आक्रमणलाई ‘आतंकवाद’ को संज्ञा दिए । ‘पुटिनले ट्रम्पलाई युक्रेनसँगको वार्ता ‘उपयोगी’ रहेको र ती जारी रहने बताएका थिए । हामी कुनै प्रकारको समाधानमा पुग्नका लागि वार्ता नै गर्न सक्दैनौं भन्ने होइन,’ उसाकोभले भने । अमेरिका र रुसी दुवै पक्षले इरानको आणविक क्षमतालाई रोक्न दुवै देशको विदेश नीतिमा त्यसलाई प्राथमिकता दिनेमा भने आशावादी छलफल भएको बताएका छन् ।राष्ट्रपति ट्रम्पका सल्लाहकारहरूका अनुसार उनी युक्रेन र रुस दुवैका नेताहरूसँग आक्रोशित छन्, तर उनले लामो समयदेखि जेलेन्स्कीप्रति अलि बढी नै रुष्ट छन् । उनले आफ्ना सहयोगीहरूलाई जेलेन्स्की ‘खराब मान्छे’ रहेको बताउँदै युक्रेनलाई दिइरहेको हतियारको प्रवाह रोक्ने कुरा निरन्तर गरिरहन्छन् । उनको बुझाइमा जेलेन्स्कीले विश्वलाई आणविक युद्धतर्फ धकेलिरहेका छन् । तर कतिपय अवस्थामा भने युक्रेनमाथि सहानुभूति भाव दर्शाउँदै उनीहरूले आफ्ना सहरहरूमा रुसले गरिरहेको बम आक्रमणविरुद्ध दृढ भएर लडिरहेको पनि बताउने गरेका छन् ।युक्रेनबाट हजारौं माइल टाढा रहेका रुसी हवाई अड्डाहरूमा रुसभित्रैबाट प्रहार गरिएका १ सयभन्दा बढी ड्रोनको हमला मस्कोका लागि रणनीतिक र प्रतीकात्मक प्रहारका रूपमा हेरिएको छ । यसलाई रुसी सुरक्षा कमजोरीका रूपमा पनि लिइएको छ । उक्त हमलाले रुसका लामो दूरीका दर्जन बढी बमवर्षकहरूलाई क्षति पुर्‍याउनुका साथै केहीलाई पूर्ण रूपमा नष्ट पारिदिएको थियो । ती बमवर्षक विमानहरू रुसका आणविक हतियारहरू प्रहार गर्ने क्षमताका अभिन्न अंग रहेको बताइएको छ । जसलाई क्रेमलिनले आफ्नो सैन्य शक्तिको मुख्य स्तम्भहरूमध्ये एकका रूपमा लिने गर्दछ ।रुसका उच्च पदस्थ सरकारी अधिकारीहरूसँगको बैठकमा पुटिनले आइतबारको आक्रमणका बारेमा केही उल्लेख नगरेको बताइएको छ । यद्यपि उनले युक्रेनको सीमावर्ती क्षेत्रमा रहेका दुई रेलवे पुलहरूमा युक्रेनले आक्रमण गर्दा एउटा यात्रुवाहक र एउटा मालवाहक रेल पटरीबाट खसेका कारण सात जनाको मृत्यु भएको बारे चर्चा गरेका थिए । हवाई अड्डामा भएको आक्रमणको जिम्मेवारी लिएको युक्रेनले रेलवे पुलको आक्रमणमा भने कुनै टिप्पणी गरेको छैन ।‘तिनीहरूले शिखर बैठकका लागि अनुरोध गरिरहेका छन्,’ पुटिनले युक्रेनले आफू र जेलेन्स्कीबीच प्रत्यक्ष भेटघाटका लागि गरिएको अनुरोधलाई उल्लेख गर्दै भने, ‘तर यो अवस्थामा त्यस्ता बैठकहरू कसरी हुन सक्छन् ? आतंकवादमा भर पर्नेहरूसँग हामी कसरी वार्ता गर्न सक्छौं ?’उता जेलेन्स्कीले भने किभमा एक पत्रकार सम्मेलनमा बोल्दै नयाँ अमेरिकी प्रतिबन्धहरूमा ढिलाइ गर्न पुटिनले नियतवश शान्तिवार्ता रोक्ने प्रयास गरिरहेको आरोप लगाए । उनले इस्तानबुलमा भइरहेको वार्तामा पुटिनले निर्णय लिने अधिकार नै नभएका अधिकारीहरू पठाएकाले त्यो कहिल्यै टुंगोमा नपुग्ने प्रतिक्रिया दिए । उनले आफू, पुटिन र राष्ट्रपति ट्रम्पसहितको शिखरवार्ताको कुनै विकल्प नभएको पनि दोहोर्‍याएका थिए ।"
हार्वर्ड अध्ययन गर्ने विदेशी विद्यार्थीको भिसा रद्द,"काठमाडौँ — अमेरिकी राष्ट्रपति डोनाल्ड ट्रम्पले हार्वर्ड विश्वविद्यालयमा पढ्न वा 'एक्सचेन्ज प्रोग्राम'मा भाग लिन चाहने विदेशी विद्यार्थीको प्रवेशमा अस्थायी रुपमा रोक लगाएका छन् । राष्ट्रपति ट्रम्पले ६ महिनाका लागि विदेशी विद्यार्थीको प्रवेशमा रोक लगाएका हुन् ।अमेरिकी राष्ट्रपतिले बुधबार ‘राष्ट्रिय सुरक्षाको चिन्ता’ देखाउँदै हार्वर्ड विश्वविद्यालयमा विदेशी विद्यार्थीको भर्ना रोक्ने निर्णय गरेका हुन् । उनले विदेशी विद्यार्थीलाई भर्ना गर्न दिनु अमेरिकाको हितविरुद्ध भएको भन्दै यस्तो निर्णय लिएका हुन् ।रोयटर्स समाचार एजेन्सीका अनुसार हार्वर्डले ट्रम्पको आदेशलाई ‘बदला लिन खोजिएको’ भन्दै व्याख्या गरेको छ । त्यस्तै अन्तर्राष्ट्रिय विद्यार्थीहरूको संरक्षण गर्न प्रतिबद्ध रहने समेत हार्वर्डले बताएको छ ।अप्रिलमा हार्वर्डले ह्वाइट हाउसका केही मागहरू अस्वीकार गरेपछि सुरु भएको कानुनी विवाद चर्किंदै गएको छ । ट्रम्पको पछिल्लो निर्णय त्यसकै अर्को कदम भएको हार्वर्डको दाबी छ ।गत साता एक न्यायाधीशले हार्वर्डका अन्तर्राष्ट्रिय विद्यार्थीलाई अमेरिका आउन नदिन खोजिएको निर्णय रोकेपछि बुधबार ट्रम्पको नयाँ आदेश आएको हो ।ट्रम्पले हार्वर्डलाई विदेशी देशहरूसँग गहिरो मिलेमतो गरेको र आफ्नै विद्यार्थी तथा शिक्षकहरूको अधिकारको बेवास्ता गरेको आरोप लगाएका छन् । ट्रम्पले भने, ‘हार्वर्ड विश्वविद्यालयमा पढ्न आउने वा अमेरिका आउन चाहने विदेशी नागरिकहरूको प्रवेश रोक्नु आवश्यक छ त्यसैले यो निर्णय लिएको छु ।’यो आदेशले एक्सचेन्ज प्रोग्रामका लागि भिसा लिन चाहने अन्तर्राष्ट्रिय विद्यार्थीहरूको प्रक्रिया पनि रोक्नेछ । त्यस्तै हाल हार्वर्डमा अध्ययनरत विद्यार्थीहरूको भिसा रद्द गर्ने प्रावधानबारे विचार गर्न परराष्ट्र सचिवालयलाई निर्देशन दिएको छ । भिसा निलम्बनको आदेश ६ महिनाभन्दा लम्बिन सक्ने आकलन गरिएको छ ।"
राष्ट्रसंघीय सुरक्षा परिषद् सदस्यमा पाँच नयाँ राष्ट्र निर्विरोध चयन,"काठमाडौँ — संयुक्त राष्ट्रसंघको सुरक्षा परिषद्मा पाँच नयाँ राष्ट्रहरू निर्विरोध चयन भएका छन् । अन्तरार्ष्ट्रिय शान्ती सुरक्षासम्बन्धी व्यवस्था गर्ने परिषद्मा बहराइन, कंगो, लाइबेरिया, कोलम्बिया र लाट्भिया अस्थायी सदस्यका रूपमा निर्वाचित भएका हुन् । यी देशहरूले आगामी जनवरीदेखि दुई वर्षसम्मका लागि सेवा दिनेछन् ।कुल १९३ सदस्यीय राष्ट्र संघीय महासभाले मंगलबार सुरक्षा परिषद्का लागि गोप्य मतदानमार्फत पाँच अस्थायी सदस्य छानेको थियो । मतदानमा बहराइनले १८६, कंगोले १८३, लाइबेरियाले १८१, कोलम्बियाले १८० र लाट्भियाले १७८ मत प्राप्त गरेको युएन न्युजमा उल्लेख छ ।लाट्भिया पहिलोपटक सुरक्षा परिषद्मा पुगेको हो । सो देश सन् १९९१ मा सोभियत संघको विघटनपछि पुन: स्वतन्त्र भएको थियो । मतदानपछि लाट्भियाकी परराष्ट्रमन्त्री बैबा ब्राझेले भनेकी थिइन्, ‘हाम्रो ऐतिहासिक अनुभवले विश्वका सबै क्षेत्रसँग सहानुभूति राख्न, बुझ्न र सहकार्य गर्न हामीलाई सक्षम बनाएको छ । हामी स्वतन्त्रताको मूल्य बुझ्छौँ ।’ब्राझेले युक्रेनमा न्यायपूर्ण र दीर्घकालीन शान्ति स्थापनाका लागि लाट्भियाले पूर्ण प्रयास गर्ने बताइन् । मध्यपूर्व, गाजा, अफ्रिकालगायत विश्वका अन्य द्वन्द्वग्रस्त क्षेत्रहरूमा पनि पीडा न्यूनीकरणका लागि उनले प्रतिबद्धता जनाइन् ।अरब राष्ट्रको प्रतिनिधित्व गर्ने बहराइन यसअघि पनि सुरक्षा परिषद् सदस्य भइसकेको थियो । त्यहाँका परराष्ट्रमन्त्री अब्दुल लतिफ बिन राशिद अल जयानीले दोस्रो कार्यकालमा अन्तर्राष्ट्रिय शान्ति र सुरक्षामा योगदान पुर्‍याउने पुरानो प्रतिबद्धता दोहोर्‍याए ।‘हाम्रो क्षेत्रीय शान्ति र स्थायित्वको आधार इजरायल-प्यालेस्टाइन द्वन्द्वको समाधान हो,’ जयानीलाई उद्रित गर्दै एपीले लेखेको छ । उनले गाजामा तत्काल युद्धविराम गरिनुपर्ने, ठूलो मात्रामा मानवीय सहायता उपलब्ध गराउनुपर्ने, अक्टोबर ७ मा इजरायलबाट अपहरण गरिएका सबै बन्दीको रिहाइ र दुवै राष्ट्र समाधानका दिशामा केन्द्रित हुन आवश्यक रहेको औँल्याए ।संयुक्त राष्ट्रसंघको चार्टरअनुसार सुरक्षा परिषद्को प्रमुख जिम्मेवारी अन्तर्राष्ट्रिय शान्ति र सुरक्षाको सुनिश्चितता हो । तर, युक्रेन र गाजामा जारी युद्धजस्ता ठूला द्वन्द्वमा परिषद् असफल भएको एपीको समाचारमा उल्लेख छ ।सन् १९४५ मा स्थापना भएको परिषद् विद्यमान विश्व राजनीतिक यथार्थअनुसार परिमार्जन गरिनुपर्ने बहस पटक-पटक उठे पनि यसमा सफलता मिलेको छैन । अझै पनि परिषद्मा संयुक्त राज्य अमेरिका, रुस, चीन, बेलायत र फ्रान्स गरी पाँच स्थायी सदस्य राष्ट्रलाई भिटो अधिकार रहेको र अन्य १० सदस्यहरू क्षेत्रीय समूहबाट दुई वर्षे कार्यकालका लागि निर्वाचित हुने प्रावधानको आलोचना हुने गरेको छ ।सुरक्षा परिषद्मा अफ्रिका वा ल्याटिन अमेरिका तथा क्यारेबियन क्षेत्रको स्थायी सदस्यता नहुनुलाई पनि प्रमुख कमजोरीका रूपमा लिइएको छ । हाल निर्वाचित पाँच सदस्य राष्ट्रले सन् २०२६ जनवरीमा अल्जेरिया, गुयना, दक्षिण कोरिया, सियरा लियोन र स्लोभेनियालाई प्रतिस्थापन गर्नेछन् ।"
१२ देशका नागरिकलाई अमेरिका प्रवेशमा पूर्ण रोक,"अमेरिका — अमेरिकाले विभिन्न १२ देशका नागरिकहरुलाई प्रवेशमा पूर्ण रोक लगाउने भएको छ । व्हाइट हाउसका अनुसार ट्रम्पले ट्राभल प्रतिबन्धसम्बन्धी एक आदेशमा हस्ताक्षर गरेका छन् ।अमेरिकी राष्ट्रपति डोनाल्ड ट्रम्पले राष्ट्रिय सुरक्षामा जोखिमको कारण देखाउँदै ति १२ देशका नागरिकलाई प्रवेशमा पूर्ण प्रतिबन्ध लगाउने र अन्य सात देशका नागरिकलाई प्रवेशमा उच्च कडाइ गर्ने घोषणा जारी गरेको अन्तर्राष्ट्रिय सञ्चारमाध्यमले जनाएका छन् ।अमेरिका यात्राका लागि प्रतिबन्ध लगाइएका देशहरुमा अफगानिस्तान, म्यान्मार, चाद, रिपब्लिक अफ कंगो, इक्वेटोरियल गिनी, इरिट्रिया, हाइटी, लिभिया, सोमालिया, सुडान र यमन रहेको अन्तर्राष्ट्रिय समाचार संस्था बीबीसीले जनाएको छ ।यसबाहेक सात देश अरु पनि छन् जहाँका नागरिकमा आंशिक रुपमा यात्राका लागि प्रतिबन्ध लगाइएको छ । आंशिक प्रतबन्ध लागेका देशहरुमा बुरुन्डी, क्युबा, लाओस, सिएरा लियोन, टोगो, तुर्कमेनिस्तान र भेनेजुएला रहेका छन् ।‘खतरनाक विदेशी तत्व’बाट अमेरिकालाई बचाउन यो प्रतिबन्ध लगाइएको अमेरिकाले जनाउको छ । यि १९ देशहरुमाथिको यात्रा प्रतिबन्ध र कडाइ आगामी सोमबार लागु हुनेछ । यसबारे ह्वाइट हाउसले पनि एक्समा ट्रम्पको भनाइ जारी गरेको छ ।यो प्रतिबन्ध यही जुन ९ देखि लागू हुनेछ । ट्रम्पका तर्फबाट यस्तो घोषणा भएको यो दोस्रो पटक हो । यसअघि आफ्नो पहिलो कार्यकालमा ट्रम्पले सन् २०१७ मा यस्तै प्रकारको आदेशमा हस्ताक्षर गरेका थिए ।‘हालै कोलोराडोमाथिको आतंकवादी हमलाको घटनापछि राम्ररी सुरक्षा जाँच नगरेर तथा अस्थायी भिसा पाएकाहरु गैरकानुनी रुपमा लामो समय बस्ने विदेशी नागरिकहरुको प्रवेशले अमेरिकामा उच्च सुरक्षा जोखिम देखिएको छ, त्यो हामी चाहदैनौं,’ ट्रम्पले ह्वाइट हाउसले एक्समा जारी गरेको भिडियोमा भनेका छन् ।"
टेस्लाले भारतमा कारखाना नखोल्ने,"काठमाडौँ — कुनै समय भारतीय बजार प्रवेश गर्न आतुर रहेको अमेरिकी कम्पनी टेस्ला अब त्यसमा इच्छुक नरहेको खुल्न आएको छ । भारतको महाराष्ट्रमा टेस्लाले कारखाना खोल्ने चर्चा चलिरहेका बेला त्यसो नहुने तय भएको छ । अर्बपति इलन मस्कको इलेक्ट्रिक गाडी (ईभी) निर्माता, टेस्लाले भारतमा उत्पादन कारखाना नखोल्ने भारतका  उद्योगमन्त्रीले पुष्टि गरेका हुन् ।गत वर्ष मात्रै भारतले विश्वभरका ईभी कम्पनीहरूलाई लक्षित गर्दै विभिन्न प्रोत्साहन योजना घोषणा गरेको थियो । अहिले ईभी निर्माण प्रवर्द्धनका लागि विस्तृत निर्देशिका सार्वजनिक गरेको छ ।मन्त्री एचडी कुमारस्वामीका अनुसार टेस्लाले भारतमा दुई वटा शोरुम खोल्ने र यसको रिटेल उपस्थिति रहने बताएका छन् । टेस्लाको जोड उत्पादन कारखाना नभई भारतमा गाडी निर्यातमै रहेको देखिन्छ । शोरुमका लागि स्थान पहिल्याउनेदेखि टेस्लाले २५ भन्दा धेरै पदहरूमा रोजगारीका लागि आह्वानसमेत गरेको टाइम्स अफ इन्डियाले जनाएको छ ।‘मर्सिडिज बेन्ज, स्कोडा–भोल्क्सवागन, हुन्डाई र कियाजस्ता कम्पनीहरूले भारतमा ईभी उत्पादनमा चासो देखाएका छन् तर टेस्लाबाट भने हामीले कुनै अपेक्षा गरेका छैनौं,’ कुमारस्वामीले पत्रकार सम्मेलनमा भनेका छन्, ‘टेस्ला भारतमा उत्पादन गर्न इच्छुक छैन ।’ अर्का एक अधिकारीले प्रेस ट्रस्ट अफ इन्डियालाई बताएअनुसार टेस्लाका प्रतिनिधिले भारतसँग पहिलो चरणको छलफलमा भाग लिए पनि दोस्रो र तेस्रो चरणमा सहभागी भएनन् ।टेस्लाले भारतमा कारखाना खोल्नु अमेरिकाका लागि ‘अन्यायपूर्ण’ हुने अमेरिकाका राष्ट्रपति डोनाल्ड ट्रम्पले गत फेब्रुअरीमा बताएका थिए । त्यो बेला अति निकट सम्बन्ध भएका ट्रम्प र मस्कबीच अहिले दूरी बढेको छ । टेस्लाले विगतमा भने भारतीय बजार प्रवेश गर्न धेरै पटक प्रयास गरेको थियो । सन् २०२३ मा मस्कले भारतमा लगानी गर्न आफूले सही समय पर्खिरहेको प्रतिक्रियासमेत दिएका थिए ।अहिले भने टेस्लाको योजना भारतमा गाडी निर्यात गर्नेमा मात्रै सीमित रहेको रोयटर्सले जनाएको छ । ईभी उत्पादनमा लगानी गर्ने प्रतिबद्धता जनाउने विदेशी अटो निर्माताहरूका लागि भारतले आयात शुल्क उल्लेखनीय रूपमा घटाउने घोषणा गर्नुको मुख्य उद्देश्य मूलतः टेस्लालाई नै आकर्षित गर्नु रहेको रोयटर्सको विश्लेषण छ । तथापि, टेस्लाका सीईओ मस्कले गत वर्ष नै भारतमा लगानी गर्ने योजना स्थगित गरिदिएका थिए । उनले भारतमा आयातित गाडीहरूमा लाग्ने उच्च शुल्कप्रति पटक–पटक असन्तुष्टि जनाउँदै आएका छन् ।फक्सवागन इन्डियाले पनि आफूहरू भारतको ईभीसम्बन्धी नयाँ नीतिलाई नजिकबाट हेरिरहेको र त्यसको प्रभावको मूल्यांकन गर्ने प्रतिक्रिया दिएको छ । भारतमा ईभी गाडीको बिक्रीमा टाटा मोटर्स अग्रस्थानमा छ । सन् २०२४ मा जम्मा ४३ लाख कार बिक्री भएकोमा जम्मा २.५ प्रतिशत मात्रै ईभी थिए । सरकारले यो प्रतिशत सन् २०३० सम्ममा ३० प्रतिशत पुर्‍याउने लक्ष्य राखेको छ ।ट्रम्पको ट्याक्स र खर्चसम्बन्धी विधयेकमाथि मस्कको आलोचनाअर्बपति एलन मस्कले अमेरिकी राष्ट्रपति डोनाल्ड ट्रम्पको ट्याक्स र खर्च सम्बन्धित बिललाई लिएर कडा आलोचना गरेका छन् । साथै उनले यसलाई ‘घिनलाग्दो’ कदमका रूपमा टिप्पणी गरेका छन् ।यो कानुन हाउस अफ रिप्रेजेन्टेटिभ्स (अमेरिकी संसद्को तल्लो सदन) मा पास गरिएको थियो । यस कानुनमा कैयौं ट्रिलियन डलरको ट्याक्समा छुट, रक्षा खर्चमा बढोत्तरी र अमेरिकी सरकारलाई धेरैभन्दा धेरै ऋण लिने अनुमति पनि समावेश छन् ।मस्कले आफ्नो सामाजिक सञ्जाल एक्समा मंगलबार लेखेका छन्, ‘जो मानिसले यसका लागि भोट दिए । उनीहरूलाई लज्जा आउनुपर्ने हो ।’ टेक अर्बपति मस्क डिपार्टमेन्ट अफ गभर्नमेन्ट एफिसिएन्सी (डीओजीआई) अर्थात् खर्च कटौती विभागमा १२९ दिनसम्म काम गरेपछि पछिल्लो साता अचानक प्रशासनबाट अलग भएका थिए । यो टिप्पणी सरकार छाडेपछि ट्रम्पसँग एलन मस्कको पहिलो सार्वजनिक असहमति देखिएको हो । यसअघि उनले यो योजनालाई निराशाजनक बताएका थिए ।मंगलबार एक्समा एकपछि अर्को पोस्ट गर्दै मस्कले भनेका छन्, ‘यसले अमेरिकाको बजेट घाटालाई बढाएर २ दशमलव ५ ट्रिलियन डलर पुर्‍याउनेछ । र, अमेरिकी नागरिकका लागि असराहनीय ऋणको बोझ बढाउनेछ ।’"
"आईपीएलको विजय जुलुसमा भागदौड : कम्तीमा १० को मृत्यु, १५ घाइते","काठमाडौँ — आईपीएल विजेता टिम रोयल च्यालेन्जर्स बैंगलोर (आरसीबी) को विजय जुलुसमा भागदौड हुँदा कम्तीमा १० जनाको मृत्यु भएको छ । भारतीय संचारमाध्यमले मृत्युको संख्या यो भन्दा बढ्न सक्ने भनेका छन् ।इन्डियन एक्सप्रेसले भागदौडमा १५ घाइते भएको र तीन जनाको अवस्था गम्भीर रहेको लेखेको छ । बेंगलुरुको एम चिन्नास्वामी स्टेडियमन नजिकै भएको विजय जुलुसमा यस्तो घटना भएको हो । कर्नाटकका मुख्यमन्त्री सिद्धारमैया घाइतेलाई भेट्न अस्पताल जाने तयारीमा छिन् ।विजेता टिम तोकिएको समयभन्दा केही ढिला गरेर चिन्नास्वामी स्टेडियममा पुगेको थियो । टोली पुग्नासाथ भीडले आरसीबी, आरसीबी र कोहली, कोहली भनेर नारा लगाएका थिए । विराटले समर्थकहरुतिर हेर्दै ट्रफीलाई चुमेका थिए ।"
भारतमा अर्का युट्युबर पक्राउ,"काठमाडौँ — पाकिस्तानी जासुसी सञ्जाल र आतंकवादी समुहहरुमा संलग्नता रहेको शंकामा भारतमा अर्का युट्युबर पक्राउ परेका छन् । भारतिय संचारमाध्यमले पञ्जावस्थित मह्लान गाउँका वासिन्दा युट्युबर जस्बिर सिंहलाई प्रहरीले मंगलबार पक्राउ गरेको जनाएका छन् ।करिब तीन साता अघि हरियाणाकी युट्युबर ज्योती मलहोत्रा पनि पाकिस्तानी इन्टेलिजेन्स एजेन्सीहरु लागि जासुसी गतिविधिमा संलग्न रहेको आरोपमा पक्राउ गरिएको थियो । उनी हाल हिरासतमा छिन् । ‘जान महल’नामको युट्युब च्यानल सञ्चालन गर्दै आएका सिंहलाई पञ्जावको बिशेष अपरेसन सेलले मोहलीस्थित घरबाट पक्राउ गरेको प्रहरी अधिकारीहरुलाई उद्धृत गर्दै इन्डियन एक्स्प्रेसले लेखेको छ । उनीमाथी पाकिस्तानी नागरिक डेनिश भनेर चिनिने एह्सन उर रहिम र पाकिस्तानी आतंकवादी जासी सञ्जालका शाकिर भनेर चिनिने जुत्त रन्धवासंग सम्पर्क रहेको आरोप छ । डेनिश भने नयाँ दिल्लीमा पाकिस्तानको तर्फबाट उच्च आयोगका अधिकारी समेत थिए, उनलाई पनि जासुसी सञ्जालको संलग्नतामा यस अघि नै निस्कासित गरिएको छ ।पञ्जाबका प्रहरी महानिर्देशक गौरव यादवले बुधबार एक्स (पहिलेको ट्विटर) मा पोस्ट गर्दै सिंहसंग जोडिएको महत्वपुर्ण जासुसी सञ्जाल पत्ता लागेको बताएका हिन्दुस्तान टाइम्सले उल्लेख गरेको छ । डेनिशकै निम्तोमा सिंहले नयाँ दिल्लीस्थित पाकिस्तानी राष्ट्रिय दिवसमा सहभागी भएर पाकिस्तानी सैनिक अधिकारीहरु तथा भ्लगरहरुले भेट गरेको, सन् २०२०, २०२१ र २०२४ मा पाकिस्तान गएको, उसका विधुतिय उपकरणहरुमा थुप्रै पाकिस्तानी नम्बरहरु रहेको पाइएको प्रहरीले बताएका छन् । विस्तृत अनुसन्धानका लागि फोरेन्सिक जाँचहरु भैरहेका छन् ।"
"दक्षिण कोरियाको राष्ट्रपतिमा जे–म्यूङ निर्वाचित, उत्तर कोरियासँगको ‘घाउ निको पार्ने’ प्रतिबद्धता","सियोल — दक्षिण कोरियाका नवनियुक्त राष्ट्रपति ली जे–म्युङले आणविक शक्ति सम्पन्न उत्तर कोरियासँग सम्पर्क गरेर ‘घाउ निको पार्ने’ प्रतिबद्धता व्यक्त गरेका छन् । दक्षिण कोरियाका नयाँ मध्यमार्गी वामपन्थी नेताले ‘बढ्दो संरक्षणवाद र आपूर्ति शृङ्खलाको पुनर्संरचना’ ले एशियाको निर्यातमा निर्भर चौथो ठूलो अर्थतन्त्रका लागि अस्तित्वको खतरा उत्पन्न गरेको चेतावनी पनि दिएका छन् ।मध्यावधि निर्वाचनमा लीले पूर्व राष्ट्रपति युन सुक योलको पूर्व पार्टी कन्जरभेटिभ पार्टीका नेता किम मुन–सोलाई पराजित गर्दै विजयी भएका छन् । निर्वाचनमा लीले ४९.४ प्रतिशत मत प्राप्त गरेका छन् भने उनका निकटतम प्रतिस्पर्धी किमले ४१.२ प्रतिशत मत प्राप्त गरेका छन् ।किमले पार्टीमा आन्तरिक कलह र तेस्रो पक्षका उम्मेदवारले दक्षिणपन्थी मत विभाजन गरेका कारण आफ्नो पराजय भएको बताएका छन् । निर्वाचित भएलगत्तै लीले दक्षिण कोरियाका शीर्ष सैन्य कमाण्डरसँग कुरा गरी बुधबार औपचारिक रूपमा देशको सशस्त्र बलको सञ्चालन नेतृत्व ग्रहण गरेका छन् । उनले प्योङयाङको उक्साहटविरूद्ध ‘तत्परता’ कायम राख्न पनि शीर्ष सैन्य कमाण्डरलाई आग्रह गरे ।उनले भने, ‘हामी विभाजन र युद्धको घाउ निको पार्नेछौं र शान्ति र समृद्धिको भविष्य स्थापित गर्नेछौं । जतिसुकै मूल्यमा पनि युद्धभन्दा शान्ति राम्रो हो ।’ उनले उत्तर कोरियाली प्रायद्वीपमा शान्ति स्थापनाका लागि सञ्चार माध्यम खोल्ने र वार्ता र सहकार्यलाई अगाडि बढाउने क्रममा उत्तर कोरियाको आणविक र सैन्य उक्साहटलाई रोक्ने बताए ।अमेरिकाले दक्षिण कोरियाको महत्त्वपूर्ण स्टील र आल्मुनियम निर्यातमा ५० प्रतिशत कर लगाउने तयारी गरिरहेका समय करको घोषणा गर्नुभन्दा केही घण्टाअघि लीले पदभार ग्रहण गरेका छन् । ‘बढ्दो संरक्षणवाद र आपूर्ति शृङ्खलाको पुनर्संरचनाजस्ता विश्व व्यवस्थामा भएका तीव्र परिवर्तनले हाम्रो अस्तित्वमाथि नै खतरा उत्पन्न गरेको छ,’ लीले भने।दक्षिण कोरियाको स्टक बजार र मुद्राले चुनावको नतिजाप्रति सकारात्मक प्रतिक्रिया देखाएको छ । बुधबार मुख्य स्टक बजार कोस्पी र कोरियाली मुद्राको मूल्यमा उच्च वृद्धि देखिएको छ ।महत्त्वपूर्ण प्रस्थानकोरिया इन्स्टिच्युट फर नेसनल युनिफिकेसनका वरिष्ठ विश्लेषक होङ मिनले उत्तर कोरियाबारे लीको टिप्पणी उनका पूर्ववर्ती युनको टिप्पणीभन्दा ‘महत्त्वपूर्ण प्रस्थान’ भएको बताएका छन् । होङले एएफपीसँग भने, ‘यसले वार्ताको माध्यमबाट असहमति समाधान गर्ने उहाँको इच्छालाई सङ्केत गर्छ ।’ प्योङयाङले कस्तो प्रतिक्रिया जनाउँछ त्यो हेर्न बाँकी नै छ, तर लीले उत्तर कोरियाप्रति फरक दृष्टिकोण देखाएको उनको भनाइ छ ।युनले नागरिक शासनलाई निलम्बन गर्ने प्रयास गरेको रात सशस्त्र सेना तैनाथ गरेक स्थान नेसनल एसेम्ब्ली (प्रतिनिधि सभा) मा लीले एक सामान्य उद्घाटन समारोह आयोजना गरेका छन् । नियमित रूपमा निर्धारित निर्वाचनपछि आयोजना हुने ठूला सभा वा कार्यक्रमहरूको विपरीत बुधबारको उद्धघाटन समारोहमा अतिथिहरूको पातलो उपस्थित भएको थियो ।राष्ट्रपति पद तथा गोपनीयताको शपथपछि उनले कार्यालय राष्ट्रपतिको चिफ अफ स्टाफ, प्रधानमन्त्री र नेसनल इन्टेलिजेन्स सर्भिसको निर्देशकको रूपमा कसलाई नियुक्त गर्ने भन्ने विषयमा केन्द्रित रहेर निकटस्थहरूसँग छलफल गर्नेछन् । यस दिनको अन्त्यमा विश्वका नेताहरूबाट बधाई फोन कलहरूको हुलहुज्जत हुने अपेक्षा गरिएको छ, जसमा ट्रम्प लाइनमा पहिलो हुने सम्भावना छ । उनको निर्वाचनप्रति खुशी व्यक्त गर्दै चिनियाँ राष्ट्रपति सी जिनपिङ र अमेरिकी विदेशमन्त्री मार्को रूबियाले बधाइ ज्ञापन गरेका छन् ।ट्रम्पका उच्च कूटनीतिज्ञ मार्को रुबियोले ‘साझा मूल्य मान्यता र गहिरो आर्थिक सम्बन्ध’लाई उद्धृत गर्दै एक वक्तव्यमा सियोलसँग वासिङ्टनको गठबन्धन ‘मजबूत’ रहेको बताएका छन् । लीको दलले पहिले नै संसदीय बहुमत प्राप्त गरिसकेको छ यसको अर्थ उनी आफ्नो विधायिकी एजेन्डा पूरा गर्न आगामी तीन वर्षका लागि सुरक्षित र सक्षम हुनेछन् ।"
भारतको पूर्वोत्तर राज्यहरुमा बाढी पहिरोमा परेर मृत्यु हुनेको संख्या ४४ पुग्यो,"काठमाडौँ — भारतको पूर्वोत्तर राज्यहरुमा लगातार वर्षापछिको बाढी पहिरोमा परेर मृत्यु हुनेको संख्या ४४ जना पुगेको भारतीय सञ्चारमाध्यमहरुले जनाएका छन् ।गत बिहीबार यताको भारी वर्षापछिको विपद्‌मा परेर आसाममा १७ जना, अरुणाचल प्रदेशमा १२ जना, मेघालयमा ६ जना, मिजोराममा ५ जना, त्रिपुरामा २ जना र नागाल्याण्ड र मनिपुरमा एक/एक जनाको मृत्यु भएको सरकारी अधिकारीहरुलाई उद्धृत गर्दै एनडिटिभीले लेखेको छ ।यसैगरी सिक्किममा आइतबार साँझ सैनिक क्याम्प नै बगाउँदा तीन सैनिकको कृत्यु भएको थियो भने बेपत्ता भएका अन्य ६ सैनिक अझै फेला परेका छैनन् ।बाढी पहिरोले गर्दा सबैभन्दा बढी आसाममा क्षति पुगेको छ । आसामको विपद् व्यवस्थापन प्राधिकरणका अनुसार यहाँका २१ जिल्लाका एक हजार ५ सय ६ गाउँका ६ लाख ३३ हजार भन्दा बढी जनसंख्या प्रभावित छन् ।१४ हजार ७३९ हेक्टरको खेतीयोग्य जमिनमा क्षति पुगेको छ । सबैभन्दा बढी श्रीभुमी जिल्ला प्रभवित छ र यहाँको २ लाख ३१ हजार ५३६ जनसंख्या प्रभावित भएको डेक्कनहेराल्डले लेखेको छ । बाढी पहिरो प्रभावितहरुमध्ये ३९ हजार ७४६ जनालाई विभिन्न अस्थायी शिविरहरुमा आश्रय दिइएको छ ।"
रुस–क्राइमिया जोड्ने केर्च पुलमा विस्फोट,काठमाडौँ — रुसलाई क्राइमियासँग रेल तथा सडक मार्गबाट जोड्ने केर्च पुलमा विस्फोट भएको छ । मस्कोको सेनाका लागि अत्यावश्यक आपूर्ति मार्ग बनेको यो पुलमा भएको यो तेस्रो विस्फोट हो । पानीमुनि राखिएका विस्फोटक पदार्थहरु पड्काएर पुलमा क्षति पुर्‍याइएको सीएनएनले उल्लेख गरेको छ ।पछिल्ला महिनाहरूमा रुसले युक्रेनमाथि आक्रमण गर्नका लागि क्राइमियाको बाटो सैन्य हतियार ओसार्दै आएको थियो । युक्रेनी सुरक्षा सेवा (एसबीयू)ले टेलिग्राममा पुलका पिलरहरुमा म‌ंगलबार बिहान ४:४४ मा विस्फोट गराएको उल्लेख गरेको छ ।सीएनएनले पानीमुनि रहेका पिलरमा ११ सय किलो विस्फोटक पदार्थ प्रयोग गरिएको बताएको छ । विस्फोटबाट पुलमा कति क्षति पुग्यो भन्ने यकिन विवरण बाहिर नआए पनि म‌ंगलबार बिहान पुलमा यातायात रोकिएको थियो । तर साँझ पुन: सञ्चालनमा आएको छ ।सन् २०१४ मा क्राइमिया कब्जा गरेपछि रुसले यो पुल बनाउन सुरु गरेको थियो । जसको उद्घाटन रुसी राष्ट्रपति भ्लादिमिर पुटिनले सन् २०१८ मा गरेका थिए । करिब ३.७ अर्ब डलरमा बनेको यही पुलबाट रुसले युक्रेनविरुद्द लडिरहेका सेनाका निम्ती सैन्य सामाग्री र खाद्दन्न पठाइरहेको छ ।यो पुल ध्वस्त पार्न सके रुसी सेनाका निम्ती अत्यावश्यक सामाग्री आपूर्ति सेवा प्रभावित हुने युक्रेनी पक्षको दाबी छ ।
जी-सेभेन शिखर सम्मेलनमा क्यानडाले भारतलाई निमन्त्रणा दिएन,"काठमाडौँ — आउँदो जी-सेभेन शिखर सम्मेलनमा क्यानडाले भारतीय प्रधानमन्त्री नरेन्द्र मोदीलाई आमन्त्रित विशिष्ट नेताहरूको सूचिबाट बाहिर राखेपछि विश्व कूटनीतिक क्षेत्र तरंगित बनेको छ । शक्तिशाली लोकतान्त्रिक देशहरूको उच्चस्तरीय भेलामा सन् २०१९ यता पहिलोपटक भारतलाई बाहिर राख्न लागिएको हो । क्यानडाको अल्बर्टामा जुन १५ देखि १७ सम्म यो सम्मेलन हुँदै छ ।कतिपय सञ्चार माध्यमका अनुसार भारतले भित्री रूपमा निम्तोको लागि दबाब दिँदै आएको छ । तर, हार्दिक सिंह निज्जरको हत्या प्रकरणपछि अझैसम्म सम्हालिन नसकेको दिल्ली-ओटावा सम्बन्धका बीच क्यानडाले निम्तो नदिने निर्णय गरेको विश्लेषण भइरहेको छ । द न्यूयोर्क टाइम्सले भारतलाई सम्मेलनबाट बहिष्कार गरिनु ‘दुर्लभ कूटनीतिक तिरस्कार’ का रूपमा उल्लेख गरेको छ ।यसलाई दुवै देशबीच चर्किँदै गएको तनावको प्रत्यक्ष नतिजा मानिएको छ । सन् २०२३ मा क्यानडाका प्रधानमन्त्री जस्टिन ट्रुडोले भारतको गुप्तचर निकायले निज्जरको हत्या गराएको आरोप लगाएका थिए । निज्जर खालिस्तान समर्थक क्यानडाली नागरिक थिए । भारतले त्यस आरोपलाई अस्वीकार गरेको थियो । त्यसयता दुई देशबीच कूटनीतिक तनाव उत्पन्न भएर दूतावासका कर्मचारीहरू निकाला गर्नेदेखि भिसा सेवा स्थगनजस्ता घटना भए ।भारतको विदेश मन्त्रालयले ‘कुनै औपचारिक निमन्त्रणा प्राप्त नभएको’ जनाएको छ । दक्षिण अफ्रिका, अस्ट्रेलिया र युक्रेनजस्ता देशहरूलाई निमन्त्रणा दिइसकिएको सन्दर्भमा सम्मेलनमा भारतको अनुपस्थिति अर्थपूर्ण देखिने अन्तर्राष्ट्रिय सञ्चारमाध्यमले उल्लेख गरेका छ ।विगतमा यस्ता विश्वस्तरीय मञ्चहरूमा नियमित र आकर्षणका रूपमा उपस्थित हुने मोदी, यसपटक अनुपस्थित रहनु भारतको विश्व छविमा गम्भीर धक्का मानिएको छ । कांग्रेस नेता जयराम रमेशले ६ वर्षपछि पहिलोपटक ‘विश्वगुरु’ भनिने व्यक्ति जी-सेभन मञ्चमा उपस्थित नहुने बताएका छन् । ‘जस्तोसुकै व्याख्या दिइए पनि भारतका लागि यो अर्काे ठूलो कूटनीतिक असफलता हो,’ रमेशले एक्समा पोस्ट गरेका छन्, ‘यसअघि भारत-पाकिस्तान तनाव समाधानमा अमेरिकी मध्यस्थता स्वीकार गर्नु भारतको नीति विरुद्ध थियो ।’भारत-पाकिस्तान द्वन्द्व समाधानमा अमेरिकाको मध्यस्थता स्वीकार गर्दै तटस्थ स्थलमा वार्ताको प्रस्तावसमेत मान्न तयार हुनुलाई रमेशले मोदी सरकारको अघिल्लो कूटनीतिक असफलताका रूपमा अर्थ्याएका छन् ।"
ट्रम्पको ट्याक्स खर्चसम्बन्धी बिललाई ‘घिनलाग्दो’ भएको मस्कको टिप्पणी,"काठमाडौँ — अर्बपति एलन मस्कले अमेरिकी राष्ट्रपति डोनाल्ड ट्रम्पको ट्याक्स र खर्चसम्बन्धीको बिललाई लिएर कडा आलोचना गरेका छन् । साथै उनले यसलाई ‘घिनलाग्दो’ कदमका रुपमा टिप्पणी गरेका छन् ।यो कानुन हाउस अफ रिप्रेजेन्टेटिभ्स (अमेरिकी संसदको तल्लो सदन)मा पास गरिएको थियो । यस कानुनमा कैयौं ट्रिलियन डलरको ट्याक्समा छुट, रक्षा खर्चमा बढोत्तरी र अमेरिकी सरकारलाई धेरैभन्दा धेरै ऋण लिने अनुमति पनि समावेश छन् ।मस्कले आफ्नो सामाजिक सञ्जाल एक्समा मंगलबार लेखेका छन्, ‘जो मानिसले यसका लागि भोट दिए । उनीहरुलाई लज्जा आउनुपर्ने हो ।’ टेक अर्बपति मस्क डिपार्टमेन्ट अफ गभर्नमेन्ट एफिशिएन्सी (डीओजीआई) अर्थात खर्च कटौती विभागमा १२९ दिनसम्म काम गरेपछि पछिल्लो साता अचानक प्रशासनबाट अलग भएका थिए ।यो टिम्पणी सरकार छाडेपछि ट्रम्पसँग एलन मस्कको पहिलो सार्वजनिक असहमति देखिएको हो । यसअघि उनले यो योजनालाई निशाराजनक बताएका थिए ।मंगलबार एक्समा एकपछि अर्को पोस्ट गर्दै मस्कले भनेका छन्, ‘यसले अमेरिकाको बजेट घाटालाई बढाएर २ दशमलव ५ ट्रिलियन डलर पुर्‍याउनेछ । र अमेरिकी नागरिकका लागि असह्यनीय ऋणको बोझ बढाउनेछ ।’"
अस्ट्रेलिया : किस्तै-किस्तामा अल्झिएको जिन्दगी,"अस्ट्रेलिया — मानिस स्वभावैले सम्भावनाको खोजी गरिरहन्छ । मानव विकासको इतिहास हेर्‍यो भने सम्भावनाको खोजी गर्दै पृथ्वीमा भौंतारिनु नै नियतिजस्तो थियो । आजको आधुनिक युगमा यो फरक तरिकाबाट चलिरहेकै छ ।त्यसबाट नेपाल पनि अछुतो छैन र त्यसको एक हिस्सा हामी परदेशमा रहेका नेपाली समुदायहरू हौँ । सम्भावनाको देश खोज्दै हामी विश्वभर छरिएकै छौं । सुरक्षित व्यवस्था, सुशासन, गुणस्तरीय शिक्षा, भरपर्दो स्वास्थ्य प्रणाली, अनि पेसागत अवसरहरू । यिनै कुराले त धेरै नेपालीलाई अस्ट्रेलियाले तानेको । कोही विद्यार्थी भिसामा, कोही कामदारको हैसियतमा त कोही परिवारसहित स्थायी बसोबासका लागि अनुमति लिएर यहाँ बसिरहेका छन् ।सबैसँग उस्तैउस्तै सपना छन् । श्रमको मूल्य पाइने ठाउँमा पुगेर आफ्नो र सन्तानको भविष्य उज्यालो बनाउने सपना । तर सपना पूरा गर्न सजिले छैन । फरक भाषा, फरक संस्कृति, कानुन र परिवेशमा आफूलाई ढाल्न त्यति सजिलो कहाँ छ र ?सपना बोकेर यहाँ आएका केहीले आर्थिक रूपमा राम्रो गरेका छन् । सजिलै घर, गाडी खरिद गरेर जीवन सहज बनाएका छन् । तर धेरैजसो भने किस्ता किस्तामा सपना पूरा गर्न लागिपरेका छन् । अनि यिनै किस्ता बेलाबखत फन्दा पनि बनिरहेका छन् । घर किस्तामा, गाडी किस्तामा, मोबाइलदेखि फर्निचरसम्म सबै किस्तामा । जीवन नै बैंक र बिलहरूको चक्रव्यूहमा फसेको जस्तो । अस्ट्रेलियाका निम्ति यो सामान्य कुरा हो । जुन फेसबुक लगायतका सामजिक सञ्जालको भित्तामा देखिन्न ।संघर्षको भारी बोकी आएर अस्ट्रेलियामा बसोबास गर्ने नेपालीहरूको पहिलो पुस्ता अझै संघर्षरत छ। अधिकतर नेपालीहरू हेल्थ केयर, एजकेयर, क्लिनिङ, ट्राफिक कन्ट्रोल, कन्स्ट्रक्सनजस्ता श्रमप्रधान क्षेत्रमा कार्यरत छन् । डबल सिफ्ट, सातामा ६-७ दिन काम गरेर महिनाको खर्च टार्नुपर्ने अवस्था छ । घर किन्ने सपना धेरैको छ, तर यो सपना सजिलो छैन । अस्ट्रेलियाको हाउजिङ बजारमा घर किनेपछि पनि ३ हजार डलर देखि ४ हजार डलर मासिक किस्ताले आर्थिक बोझ थप्छ । त्यसमा गाडीको लोन, क्रेडिट कार्ड, बालबच्चाको स्कुल खर्च, बीमा र ट्याक्स सबै जोडिँदा जीवन साँच्चिकै ‘किस्ता जिन्दगी’ बन्न पुग्छ । यसरी भौतिक प्रगति भएजस्तो देखिए पनि आत्मिक थकान, समयको अभाव, र सामाजिक अलगावले जीवनलाई एकोहोरो बनाइरहेको छ ।पहिचानको द्वन्द्वमा हुर्किँदै अष्ट्रेलियामा जन्मिएका वा सानो उमेरमै आएका नेपाली बालबालिका फरक संस्कृति र वातावरणमा हुर्किरहेका छन् । उनीहरूको भाषा अंग्रेजी हो, तर घरमा उनीहरू नेपाली बुझ्न र बोल्न बाध्य छन् । सामाजिक रूपमा उनीहरू ‘अस्ट्रेलियन’ जीवनशैलीमा रमाउँछन् । स्कुल, खेलकुद, डिजिटल प्लेटफर्ममा उनीहरूको दिन बित्छ । तर अभिभावक चाहन्छन्, उनीहरूले नेपाली भाषा, धर्म, र संस्कार नबिर्सून् ।पढाइ, करिअर र संस्कृतिको तानातानमा उनीहरूको पहिचान द्विविधामा पर्छ 'म नेपाली हुँ कि अस्ट्रेलियन?' यसले घरभित्र पुस्ताबीच दुरी बढाउने खतरा पनि बोकेको छ । संस्कार हस्तान्तरणमा अभिभावकहरूले निकै मेहनत गरे पनि सन्तानको मनोविज्ञान र सामाजिक परिवेश फरक भएकाले गहिरो संवाद कठिन हुन थालेको छ ।पहिलो पुस्ता धेरैको नेपाल फर्कने चाहना देखिन्छ। तर फर्कने कि नफर्कने ? धेरै नेपालमा घर बनाएका छन्, केहीले जग्गा जोडेका छन्, र ‘रिटायर्मेन्टपछि नेपाल जाने’ सपना बोकेका छन् । तर त्यो सपना पनि सहज छैन । बालबालिका यतै पढ्दै छन्, यहाँको शिक्षा र जीवनशैलीमा अभ्यस्त छन् । फर्केपछि उनीहरूको भविष्य के हुन्छ भन्ने प्रश्न अभिभावकको मनमा छ । त्यसबाहेक, नेपालको यथार्थ पनि चुनौतीपूर्ण छ। जब नेपाल फर्केर स्थायी बसाइको कल्पना गरिन्छ, तब यथार्थको पर्खाल ठोक्किन्छ राजनीतिक अस्थिरता, बेरोजगारी, गुणस्तरहीन स्वास्थ्यसेवा, महँगी र शिक्षाको अनिश्चितता । फर्कने सपना भावनात्मक लागे पनि व्यावहारिक होइन जस्तो लाग्न थालेको छ ।सतहमा हेर्दा अस्ट्रेलियामा नेपालीहरूले आर्थिक रूपमा प्रगति गरेका छन् । गाडी चढेका छन्, घर किनेका छन्, छुट्टीमा विदेश घुम्ने क्षमता बनाएका छन् । तर त्यो ‘सफलता’को मूल्य पनि छ, समयको, आत्मसन्तुष्टिको र संस्कृति-संवादको । अस्ट्रेलियामा धेरै नेपाली यस्तो जीवन बाँच्छन्, जहाँ सबै सुविधा हुन्छ, तर ‘सन्तोष’कम हुन्छ । जहाँ आफ्नो परिवार छ, तर ‘पहिचान’ हराउँदै छ । जहाँ पैसा कमाइन्छ, तर संस्कार र आत्मीयता र पहिचानको खडेरी भोगिरहेको हुन्छ ।अस्ट्रेलियामा नेपालीहरू केवल अर्थोपार्जनको यात्रामा छैनन्, उनीहरू एक सामाजिक, सांस्कृतिक र भावनात्मक सम्झौतामा पनि छन् । हामीले आफ्नो देशको मायालाई छोडेका छैनौं, गाउँको आँगन, चुलोको धुवाँ, दसैं तिहारको रमाइलो, आमाको हातको खाना, बाल्यकालका दिन सबै अझै हाम्रै भित्री संसारमा जीवित छन् । तर यथार्थ यस्तो छ कि आज हामीले अस्ट्रेलियामा जीवनको बृहत् सञ्जाल बुनेका छौं, जुन सजिलै तुहिन सक्दैन । हामीले यहाँ घर बनाएका छौं, तर त्यो घर अझै पनि ‘घरजस्तो’ लाग्दैन । अन्ततः, अस्ट्रेलियाको जिन्दगी केवल रोजगारीको कथा होइन । यो आत्मपहिचान, पुस्तान्तरण, संस्कृति जगेर्ना र सन्तुलनको कथा हो । त्यो कथाको मूल सन्देश के हो भने— हामी जहाँ भए पनि, 'देश' सधैं मुटुभित्रै हुन्छ ।"
"जगदुल्ला ताल पुग्दा लाग्यो, प्रकृतिको जादू यही रहेछ","त्रिपुरासुन्दरी नगरपालिका–१ त्रिपुराकोटबाट मोटरसाइकलमा हिँडेको एक घण्टामै म र कलाकार साथी लक्ष्मण देवकोटा लिकु, मुहु, बन्तडी हुँदै बलाङ्रा लेक पुग्यौँ। एकैछिनमै बेंसीबाट लेक उक्लेकाले होला, हामीलाई चिसो लागेजस्तो भयो।नलागोस् पनि किन, डोल्पाको अग्लो स्थानमा पर्ने बलाङ्राबाट हिउँले सेताम्मे हिमाल नजिकै देखिन्थ्यो। त्यही हिमाल छोएर आएको हावाले चिसो नबनाउने कुरै थिएन।सुन्दर गाउँबस्ती, हरिया फाँटमा फुलेका रंगीबिरंगी फूलहरू हेर्दै एघार बजे त काइगाउँ बजार पुगियो। कुनै बेला त्रिपुराकोटबाट दुई दिनमा पुगिने काइगाउँ, आजभोलि बाटोको सुविधाले मोटरसाइकलमा दुई घण्टामै पुग्न सकिने भएको छ।हामी हिँडेका थियौँ- शे–फोक्सुन्डो राष्ट्रिय निकुञ्जमा पर्ने जगदुल्ला तालको सौन्दर्य नियाल्न। काइगाउँबाट हामी हुरिकोट पुग्यौँ। त्यसपछि सुरु भयो पैदल यात्रा।झमझम पानी परिरहेको थियो। तर हामी रोकिने सुरमा थिएनौँ। वर्षा ओढेर, ‘खुई खुई’ गर्दै दुई घण्टा हिँडेपछि तोइजुम पुग्यौँ। भिजेका कपडा फेर्छौँ भन्ने थियो, तर जतनसाथ राखिएका झोलाका कपडा पनि भिजिसकेका रहेछन्। चिया र तातोपानी पिएपछि जिउमा तातो बढ्यो। तर मौसम भने चिसो नै थियो।हाम्रो योजना थियो, माथिल्लो डंसिलेसम्म पुग्ने। घना जंगलको बाटो। जगदुल्ला नदीको एकोहोरो सुस्केरा। यात्रा सुरु गरिसकेपछि किन रोकिने भन्ने जोसमा हामी पानीमा भिज्दै हिँडिरह्यौँ। अनि पाँच बज्नै लाग्दा तल्लो डंसिले पुग्यौँ।त्यहाँ बास बस्नका लागि कुनै होटल थिएन। माथिल्लो डंसिले नपुगी बास नपाइने भएपछि हिँड्नुको विकल्प थिएन। तर निरन्तरको झरीले चुटेर थकित शरीर अनि बढ्दो चिसो। हामीसँग केही उपाय थिएन।म पुरै थाकिसकेको थिएँ। प्रत्येक पाइला कठिन बन्दै थियो। लगाएका कपडाहरू पनि भारी लाग्न थालेका थिए। चिसो, भोक अनि उकालो बाटो—दुःखका निम्ति यहाँभन्दा बढी के चाहिन्थ्यो र! त्यसमा पनि मलाई सास फुलेर हैरान बनायो। टाउको बेस्सरी दुख्न थाल्यो।अन्धकार बढ्दै गएको थियो। पिठ्युँको झोला पनि कतै फालिदिऊँ जस्तो लागेको थियो। भित्र कतै लुकी बसेको आँट ल्याएजस्तै गरेर मैले पाइला चालिरहेँ। हामी आठ बजे माथिल्लो डंसिले पुग्यौँ। राति आएका नौला मान्छे देखेर पशुबस्तु हेर्ने भोटे कुकुरहरू एकनासले भुकिरहे। याक, चौँरी र झोपाका घण्टीहरू बज्न थाले।वडाध्यक्ष शेरबहादुर लामाको गाई राख्ने गोठ त्यही रहेछ। लामा दाइको आफ्नै होटल पनि रहेछ। ४५ सय मिटर उचाइमा रहेको उनको होटलमा हामीले रात बितायौँ। लामो सास तानेर ‘धन्न बाँचियो’ भनेर सुस्तायौँ।बिहान बाहिर निस्कँदा त हाम्रो स्वागतमा सेताम्मे हिमाल हाँसिरहेजस्तो । जगदुल्ला खोला सुसाइरहेको । छेउछाउमा बुकीलगायतका घाँस बयली खेलिरहेको । सबै दृश्यले हिजोको थकान पूरै हराएजस्तो भयो।फाँटमा चरिरहेका घोडा, याक, चौँरी र भेडाहरू हेर्दै, चिसो हावा खाँदै हामी हिँड्न थाल्यौँ। तीन घण्टा सरासर हिँडेपछि हामी राक्षस तालको वारिपट्टि पुग्यौँ। पानको आकारजस्तो देखिने भएकाले यसलाई ‘प्रेम ताल’ पनि भन्ने रहेछन्।ताललाई पृष्ठभूमिमा पारेर मनग्य फोटो र भिडियो खिच्यौँ। अनि प्रेम तालको सौन्दर्य दिलमा खिचेर अघि बढ्यौँ। करिब दुई घण्टा सरासर हिँडेपछि पुग्यौँ—जगदुल्ला ताल। यही त थियो हाम्रो गन्तव्य! यसैको सौन्दर्य खिच्ने धोकोले त यति लामो बाटो हिँड्ने र सारा हैरानी उठाउने हुटहुटी पलाएको थियो।कञ्चन पानी अनि हावामा पानीको ताल। अनि तालपारि सुरक्षा गार्डझैँ उभिएका सेता हिमालका लस्कर। हामी खुसीले यसै यसै चिच्यायौँ।यो ताल धार्मिक दृष्टिले पनि अत्यन्तै महत्त्वपूर्ण रहेछ। प्रत्येक वर्षको साउन पूर्णिमामा विभिन्न जिल्लाबाट हजारौँ तीर्थालु यहाँ आउने रहेछन्। तालमा स्नान गर्ने चलन रहेछ। यो ताल प्राचीन तिब्बती ग्रन्थमा नौ लाख देवी–देवताहरूको पवित्र धार्मिकस्थल भएको स्थानीयहरूको बुझाइ रहेछ।स्थानीयले फोक्सुन्डो तालझैँ यस तालले पनि रंग परिवर्तन गर्ने बताए। हामीले नियालेर हेर्‍यौँ। ताल निलो थियो। एकछिनमै फिक्का सेतो देखियो। किनभने आकाशमाथि सेताम्मे बादल थिए। त्यसैको प्रतिबिम्ब तालमा परेको थियो।तालको सौन्दर्य नियाल्दा नियाल्दै डेढ घण्टा बितेको पत्तो भएन। असिना पानी पर्न सुरु नगरेको भए अझै केहीबेर त्यहीँ सुस्ताउने मन थियो। तालको सौन्दर्य मनभित्र खिचेर हामी वडाध्यक्षकै होटलमा बास बस्न फर्कियौँ। एउटा ठूलो उद्देश्य पूरा भएजस्तो लाग्यो। प्रकृतिको सबैभन्दा सुन्दर दृश्य हेरेर मन अघाएको अनुभव भयो।"
के हामी चोर्ने मान्छे हौँ ?,"काठमाडौँ — प्रसंग राजावादीले चैत १५ मा काठमाडौंको कोटेश्वरमा रहेको भाटभटेनीमा गरेको लुटपाटबाट सुरु हुन्छ । अहिले प्रहरीले क्लोज सर्किट टेलिभिजन(सीसीटिभी)ले खिचेका फुटेज र सामाजिक सञ्जालमा आएका भिडियोका आधारमा लुटपाटमा संग्लनलाई एकपछि अर्को गर्दै पक्राउ गरिरहेको छ ।यस्तै घटना २०७९ फागुन १ गते काठमाडौंकै नयाँ बसपार्कको ल्होत्से मलमा पनि भएको थियो । यातायात मजदुरको आन्दोलनका क्रममा आक्रोशित भीडले महल तोडफोडसँगै मोबाइल लगायतका सामान लुटपाट गरेका थिए ।पछिल्ला लुटपाटका घटनाले हामीलाई अचम्मित मात्र बनाएको छैन, बरु हाम्रो समाजको नैतिक धरातलमा प्रश्न चिह्न खडा गरेको छ । हाम्रो सामाजिक चेतना र नैतिकतासँग यो बहस जोडिएको छ । व्यक्तिलाई हानी गर्ने र लुटपाटको अस्विकार गर्ने नेपाली समाजको स्वभाव हो भनेर हामीले बुझिआएको हो । तर, प्रतिनिधि दुई घटनाले हाम्रो स्वभाव, संस्कार र सामाजिक चेतना केही समस्या त देखिँदै छैन ? भन्ने प्रश्न उब्जाइदिएको छ ।विगतका भूकम्पीय विपत्तिमा मानिसहरू ज्यान जोगाउन घर र आफूले वर्षौँदेखि जोडेका सामान असरल्लै छोडेर खुला चौरतिर भागेका थिए । कैयन घर र पसल भत्किएको बेला थियो । तर त्यतिबेला पनि घर र पसलका सामान लुटपाट भएका खबर सार्वजनिक भएका थिएनन् । व्यक्तिका घरभित्रका सामान हुन् कि पसल वा मार्टका सामान हुलका हुल मान्छे पसेर लुटपाट गरिरहेका दृश्य हामीले देख्नुपरेको थिएन ।आन्दोलन त नेपाली समाजको पहिचान र परिचय नै भइसकेको छ । किनकि २००७ सालदेखि अहिलेसम्म समयका हरेक घुम्तीमा नेपाली समाज आन्दोलित छ । सानादेखि ठूला र संगठितदेखि असंगठित आन्दोलन समयका अनेकन बिन्दुमा भइ नै रहेका छन् । तर यस्ता आन्दोलनमा पनि आन्दोलनकारीले, प्रर्दशनकारीले संयमता गुमाएका थिएनन् ।तर, तीनकुने घटनामा धेरैले विवेक गुमाए । अचम्मलाग्दो त यो छ कि भाटभटेनीका सामान हातभरि बोकेर घरतिर कुद्नेले सीसीटिभीले हामीलाई खिचेको छ भन्ने सामान्य हेक्का किन राखेनन् होला ? जबकि अहिले प्रविधिको विकासले धेरै फड्को मारेको छ । सहरका ठूला महलमा मात्र हैन गाउँका पान र चटपटे पसलमा समेत सिसिटिभी राखिएको जगजाहेरै छ । सार्वजनिक स्थानदेखि चोकसम्म अनि सडकका छेउकुना जहिँतहीँ सिसिटिभी भेटिन्छन् । यस्तो निगरानीमार्फत प्रहरीले अनेकन घटना र दुर्घटनामा संग्लनलाई पत्ता लगाउने गरेको खबर पनि नौलो विषय होइन । तर पनि भाटभटेनी लुटनेले यस्ता कुरा हेक्का नै राखेनन् ।बेरोजगारी, महँगी वा निराशा । के कारणले तिनीहरू चोर्न उद्यत भएका होलान् ? मनोविद यस्तो बेलामा मानिसले सामाजिक रुपमा नै नैतिकता गुमाउने गरेको बताउँछन् । हुलमुलमा अरुले लगे, हामी नि लगौं भन्ने सोच मानिसमा आउँछ भन्ने तर्क पनि छ । कुनै चिटिक्क सडकमा हामी चक्लेटको खोल समेत फाल्न डराउँछौं तर फोहोर देखेको ठाउँमा फोहोर फाल्न डर हुँदैन भनेको जस्तै यो घटनामा भएको हुन सक्छ त ? सबैले चोरे मैले पनि चोर्छु भन्ने भाव अनयासै आएको हुन सक्छ । अनि यस्तो भावलाई ज–जसले नियन्त्रण गरे तिनीहरू आ–आफ्नो बाटो लागे । ज–जसले नियन्त्रण गर्न सकेनन् तिनीहरू भाटभटेनीभीत्र लुट्न पसे ।चिकित्सकहरु क्ल्पटोमिनिया रोगको विषयमा पनि चर्चा गर्छन् । यो रोग लागेका व्यक्तिले नचाहँदा नचाहँदै पनि चोरी गर्नुपर्छ भन्ने मानसिक दबाब महसुस गर्छन् । धेरैजसो अवस्थामा उसले चोरेको सामानको खासै आर्थिक मूल्य हुँदैन, न त उसको त्यसमा आवश्यकता नै हुन्छ । केही लुटपाट गर्ने मानिसमा क्लेप्टोमेनियाको लक्षण देखिन पनि सक्छ, तर अधिकांश घटना त्यसबाट प्रेरित हुँदैनन् । आन्दोलनको बीचमा हुने चोरी प्रायः भीडको मानसिकता, परिस्थिति, आवेग र ‘अब त मौका मिल्यो’ भन्ने भावनाबाट प्रेरित हुन्छ । लुटपाटमा आर्थिक लाभ, आक्रोशको अभिव्यक्ति वा अवस्था दुरुपयोग गर्ने नियत हुन सक्छ ।नेपालीमा समाज चोर्ने प्रवृत्तिको बाहुल्य भएको समाज हैन । त्यसमाथि आन्दोलनमा चोरी हुनु थप अचम्म लाग्ने कुरा हो । जनताले प्रतिनिधित्त्व गर्ने प्रर्दशनमा जनतामा अनुशासन, मर्यादा र नैतिकता हुनुपर्छ भन्ने मान्यता हो । हामी रमितामा रमाउन थालेको हौ त ? लुटपाटका भिडियो सामाजिक सञ्जालमा छिटो भाइरल भएको पनि पाइयो । कतिपयले लुटपाटलाई सामाजिक सञ्जालमा समर्थन गरेको देखियो । कतिले रमाइलो माने र मजाक बनाए । अन्तत सामाजिक सञ्जालको प्रतिक्रिया हेर्दा हाम्रो सामूहिक संवेदनशीलतामा कमी हुँदै गएको देखिन्छ । यस्तो गम्भीर विषयमा पनि नेताहरूको स्पष्ट अभिव्यक्ति नआउनु, लुटपाटप्रति भर्त्सना नहुनुले पनि नेतृत्वसँग प्रश्न गर्ने ठाउँ धेरै छन् ।हामी आन्दोलनमा सहभागी हुँदा हामीसँग विचार हुन्छ । लुटपाटले आन्दोलन होइन, अराजकता बोल्छ । आन्दोलन गर्ने भनेको त बोल्नका लागि हो । न्यायका लागि पो हो । यत्ति कुरा खै बुझाएको ? खै बुझेको ?"
भो जातका कुरा नगरम् !,"सायद यो ब्लग कतिपय पाठकलाई झिँझो लाग्न सक्छ । किनकि लामो लेख पढ्ने धीरता सबैमा नहुन पनि सक्छ । त्यसैले कतिपयमा हतार-हतार स्क्रोल गर्दै ‘सद्‍गुरु’ भनिने जग्गी वासुदेवका फतुर गफका रिलतिरै हराउने जोखिम पनि छ ।असलमा कुरा ‘वसन्त’ सिनेमा हेरेपछि सामाजिक सञ्जालमा एउटा सानो स्टाटस लेख्ने सोच थियो, तर मनको पिँधबाट विचार यति धेरै पोखिए कि स्टाटसले थेग्नै सकेन । त्यसैले ब्लगमा आइपुगेँ ।हामी कहाँ ‘जात’ भन्नेबित्तिकै धेरैको मनमा कुनै न कुनै डर पलाइहाल्छ । अनि जातको कुरा उठेपछि बहस गर्न होइन, त्यसबाट पन्छिन तत्पर हुन्छौँ धेरैजसो ।चिया पसल होस् वा पान पसल, ‘जात’ का कुरा हामीकहाँ कहिल्यै पनि गम्भीर रूपमा उठ्दैनन् । यस्तो विषयको गहिरो चिन्तन कमै गरिन्छ । बरु भनिन्छ, ‘जातको कुरा नगरौं होला ।’ यस्तो भन्नेहरूमध्ये धेरै कथित बौद्धिकलाई मैले चिनेको छु, जो मुद्दाबाट भाग्न चाहन्छन्, न कि विचार मन्थन गर्न ।जातको कुरा गर्दा मानिसको बोली र व्यवहारमा फरक देखिन्छ । जस्तै, ‘तपाईंलाई घरभित्रै छिराउन मन थियो कमरेड, तर बुबाआमाको चित्त दुखाउन चाहिनँ’ भन्ने कथित कम्युनिस्टहरूको ‘लज्जास्पद इमान्दार’ स्वीकारोक्तिदेखि ‘दलित साथीसँग एउटै थालमा भात खाएको छु’ भन्ने ढोंगी ‘सहानुभूतिपूर्ण’ गफसम्म सुन्दै आएको छु मैले ।पछिल्लो पुस्ताका युवाहरूको दुःख आफ्नै छन् । उनीहरूका पीडा सुन्दा उदेक लाग्छ । धेरै नौजवानको भनाइ ‘दलित’ भन्ने शब्द नै हटाउनुपर्छ भन्ने छ । उनीहरूका अनुसार शब्दमै समस्या छ रे । तर समस्या शब्दमा मात्रै हो त ? यसबारे बहस गर्न सक्ने धैर्य भने उनीहरूमा देखिन्न ।सदियौंदेखि मानिसलाई मान्छे हुनै नदिने यो सामाजिक संरचनाको जरो उखेल्ने वा कम्तीमा त्यसलाई कमजोर पार्ने सोच अहिले पनि हाम्रो समाजमा गहिरो रूपमा विकास हुन नसक्नु दु:खद् कुरा हो । जातको विषय विद्यालय तहदेखि नै बहस र विमर्शको केन्द्र बन्नुपर्ने संवेदनशील मुद्दा थियो । तर हामीले यसलाई सधैँ छायामा राख्यौं । नदेखेझैँ गर्यौं, नसुनेझैँ गर्यौं ।‘किन अनावश्यक विवादमा पर्नु?’, ‘कसले मोल्ने यस्तो जोखिम?’ यस्ता कुरा गर्दै हाम्रा शिक्षकहरू पनि यो विषयमा मौन बस्न रुचाउँदै आउनु भयो । शिक्षक समाज परिवर्तनका संवाहक हुन् । तर, तिनै शिक्षकमध्ये धेरैले यथास्थितिवादलाई मलजल गरिरहेको देखिन्छ ।क्याम्पस पुग्दासम्म जब विद्यार्थी जातको संरचनाबारे अलिअलि बुझ्न थाल्छन्, तबसम्म उनीहरू आफैं त्यसको जन्जालमा गहिरो गरी फसिसकेका हुन्छन् । न्वारन, पास्नी, गुन्यूचोली, व्रतबन्ध, विवाह र अन्त्येष्टि । जन्मदेखि मृत्युसम्मका प्रत्येक संस्कार जातको संरचनासँग गाँसिएको छ । तर यति संवेदनशील विषयमा पनि हामी कति संवेदनहीन बन्दै गइरहेका छौं ? यो सोच्नुपर्ने बेला होइन र ?नेपाली समाजको तीतो यथार्थलाई सिनेमाको माध्यमबाट प्रस्तुत गरेर गायक तथा सर्जक हुँदै फिल्म क्षेत्रमा प्रवेश गरेका प्रकाश सपूतले समाजप्रति ठूलो गुन लगाएका हुन् या वैगुन गरेका हुन् ?यसअघि यशकुमारले पनि जातीय विभेदविरुद्ध संगीत र सिनेमामार्फत समाजको नाङ्गो यथार्थ उजागर गर्ने साहस गरेका थिए । प्रकाश सपूत पनि यस्तै बाटोमा हिँडिरहेका छन् । यशझैँ उनी पनि गायकबाट सिनेमामा प्रवेश गरेका पात्र हुन् । यो फिल्मले प्रकाशलाई गायकमात्र होइन, अब ‘अभिनेता’ को रूपमा पनि चिनाएको छ । दलितहरू ‘हिरो’ हुन सक्दैनन् भन्ने आम भाष्य बदल्ने उनको यत्न स्तुत्य छ ।प्रकाशले यशकुमारले सुरु गरेको सांगीतिक विद्रोहलाई गीतमार्फत मात्रै होइन, अब सिनेमाको क्यानभासबाट पनि निरन्तरता दिन खोजेका छन् । उनी विभेदविरुद्धको यो सांस्कृतिक आन्दोलनमा अब झनै सक्रिय देखिनेछन् ।जात व्यवस्थालाई मलजल गरिरहेको नेपाली समाजको कालो अनुहार, अन्तरजातीय प्रेम र वियोग, दलहरूको दलदल, गैरसरकारी संस्थाहरूको दोगलापन, प्रहरी-प्रशासनको स्वार्थपूर्ण नियत । यस्ता अनेक विषयलाई गायक-सर्जक प्रकाश सपूतले अत्यन्तै मार्मिक र कलात्मक ढंगमा श्रव्य-दृश्य माध्यममा उतारेका छन् ।तर विडम्बना के छ भने, करोडौं खर्चेर बनाइएको यो सशक्त सिनेमा आम नेपाली दर्शकको ध्यानाकर्षण गर्न उति सफल देखिएन । यसमा दोष भने फिल्मको गुणस्तरमा थिएन । दोष थियो त्यसको ‘विषयवस्तु’ मा, जुन आम दर्शकको सहज मनोविज्ञानसँग मेल खान सकेन ।शनिबार, झापाको मेचीनगरस्थित सिटी सिनेमा हलमा १० जना दर्शक जम्मा नहुँदासम्म फिल्म नै चलाइएको थिएन । दर्शक सिलो खोजेर ल्याएपछि बल्ल हलको दैलो खुल्यो । उता, केही समयअघि ‘छक्का पञ्जा’ र त्यसका सिक्वेलहरूमा हल भरिने भीडको चाप हेर्दा, फितलै हास्य–कथाका सिनेमामा ‘हाउसफूल’ हुने तर यथार्थ र सामाजिक-राजनीतिक मुद्दा बोकेको सिनेमामा भने दर्शकविहीन हुने प्रवृत्तिले सोच्न बाध्य पार्छ । के नेपाली दर्शकले साँच्चै समाज परिवर्तन चाहिरहेका छैनन् त ? कि यथास्थिति नै रुचाइरहेका छन् ? यो संकथनको विषय हो ।जात भन्ने विषय केवल दलितको मात्र पीडा होइन, यो त गैरदलितको पनि साझा जिम्मेवारी हो । तर यो सन्देश गैरदलितले कहिले बुझ्ने ? 'वसन्त' कुनै जाति विशेषका लागि बनाइएको सिनेमा होइन । यो त समग्र नेपाली समाजका लागि बनाइएको कलात्मक ऐना हो ।यो सिनेमा गैरदलित दर्शकका लागि आफूलाई पुनरावलोकन गर्ने, आत्मसमीक्षा गर्ने अवसर पनि थियो । तर, पैसा खर्चेर टिकट किनेर जातको जटिलताबारे बुझ्न र आत्मबोध गर्न हामी कति तयार भयौँ त ?ठ्याक्कै यस्तै व्यवहार यशकुमारको सन्दर्भमा पनि दोहोरियो । जातीय मुद्दा उठाउँछ भन्ने बहानामा उनलाई दलित हिरोको ‘ट्याग’ नै लगाइयो । अब प्रकाश सपूत पनि त्यही नियतिको सिकार भइरहेका त होइनन् ?यदि होइन भने, एकपटक त कम्तीमा 'वसन्त' हेरेर बहस गरौं, विमर्श गरौं । किन हामी यस्तो सिनेमाबाट टाढा भागिरहेका छौँ ? यसका पात्र, कथा र सन्देश हाम्रो आफ्नै समाजको दर्पण हो । हामी आफैंलाई देखाउने प्रयास हो यो ।सदियौंदेखि जरा गाडेर बसेको जातीय संरचना कायम रहोस्, चलिरहोस्, बलियो होस् भन्ने चाहना राख्नेहरू समाजमा अझै पनि थुप्रै छन् । किनभने यदि बहस भयो, विमर्श भयो, चिन्तन भयो भने समाज बदलिन सक्छ । समाज बदलियो भने जनता सचेत हुन्छन् । नेताहरूको पेसा संकटमा पर्न सक्छ । यदि कुनै दिन, सिनेमा हेरेरै दर्शकको मन-मस्तिष्क तरंगित भयो भने । उनीहरूको साँचो अनुहार ऐनामा देखिन थाल्यो भने । फेरि के गर्ने ? पैतालामुनि कसलाई राख्ने ? पिँधमा थिचेर को ‘सर्वोच्च’ बन्ने ?"
साइपालमा शाखा खुलेसँगै ७५३ वटै पालिकाले पाए बैंक,"काठमाडौँ — वि.सं. २०७४ मा नेपाल राष्ट्र बैंकले मुलुकका सबै स्थानीय तहमा कम्तीमा वाणिज्य बैंकको एक शाखा खोल्ने नीति  लिएको थियो । ७५२ स्थानीय तहमा बैंक शाखा खुलेको लामो समयसम्म एउटा स्थानीय तह भने बाँकी नै रह्यो । बैंकिङ क्षेत्रमा लिइने परीक्षाको प्रश्नपत्रमा ‘नेपालको कुन स्थानीय तहमा हालसम्म वाणिज्य बैंकको शाखा पुग्न सकेको छैन ?’ भन्ने एउटा नयाँ प्रश्न जन्मियो । तर अब यो प्रश्न सोधिने छैन । किनकि, साइपाल गाउँपालिकामा ‍२८ माघ २०८१ मा नेपाल राष्ट्र बैंकका गभर्नर महाप्रसाद अधिकारीले एभरेष्ट बैंक लि.को शाखा उद‍्घाटन गरेसँगै मुलुकका सबै स्थानीय तहमा बैंक शाखा पुगेका छन् ।साइपाल गाउँपालिकाको धलौन भन्ने स्थानमा बैंक शाखा पुग्नु आफैंमा उपलब्धि हो । बझाङको सदरमुकाम चैनपुरबाट तीन घण्टाको जिप यात्रा गरेपछि तलकोट नाम गरेको गाउँपालिका पुगिन्छ अनि त्यहाँबाट ७ देखि ८ घण्टा पैदलयात्रा गरेपछि बल्ल धलौन भन्ने स्थानमा पुगिन्छ । साइपाल गाउँपालिकाको सदरमुकाम काँडा भन्ने स्थानमा छ । धलौनबाट काँडासम्म पुग्न भने अझ ६ देखि ७ घण्टा हिँड्नु पर्छ । त्यसैले यसपटक साइपालको सदरमुकाम काँडामा शाखा नखोली धलौनमा खोलिएको हो ।बझाङ जिल्लाको उत्तरी क्षेत्रमा अवस्थित साइपाल गाउँपालिकाले जिल्लाकै करिब ४० प्रतिशतभन्दा धेरै भूभाग ओगटेको छ । पालिकाको उत्तरी सिमाना चीनसम्मै जोडिन्छ । साइपाल हिमालको नामबाट यो पालिकाको नाम रहन गएको हो । राष्ट्रिय जनगणना २०७८ अनुसार २६२५ जनसंख्याको बसोवास रहेको यो पालिकामा बैंक शाखा नहुँदा करिब २ दिनको पैदल यात्रा गरी जिल्लाको तलकोट वा सदरमुकाम चैनपुरसम्म पुग्नुपर्थ्यो ।बैंक तथा वित्तीय संस्थाको पहुँच नहुँदा कतिसम्म सास्ती भोग्नुपर्ने रहेछ र कतिसम्म लाचारी बन्नुपर्ने रहेछ भनेर जान्न यहाँका स्थानीय जनप्रतिनिधिलाई सोध्दा थाहा लाग्छ । अहिलेको समाजमा बैंकबिनाको अर्थतन्त्र निकै कठिन र चुनौतीपूर्ण हुने विषयमा कुनै द्विविधा नहोला । साइपालमा बैंक शाखा पुग्दा स्थानीय खुसी छन् । जनप्रतिनिधि अझ पनि पालिकाको सदरमुकाम काँडासम्म बैंक पुग्न सके सुनमा सुगन्ध हुने बताउँछन् ।नेपालमा बैंक प्रथाको विकास गर्ने, मुलुकभरि वित्तीय प्रणालीको पहुँच पुर्‍याउने नेपाल राष्ट्र बैंकका प्रमुख उद्देश्यमध्ये एक हो । यही प्रयोजनका लागि राष्ट्र बैंकले वि.सं. २०२५ मा बैंकिङ प्रवर्द्धन समिति खोली तत्कालीन पचहत्तरै जिल्लामा वाणिज्य बैंक शाखा पुर्‍याउने नीति अँगाल्यो । सुरुवातीमा राष्ट्र बैंकले २५ लाखको कोष स्थापना गरी प्रत्येक जिल्लामा बैंक शाखा खोल्न सर्वेक्षण गर्‍यो । त्यतिबेलाको नेपालको अवस्थालाई कल्पना गर्दा यो कत्तिको चुनैतीपूर्ण थियो होला भनेर सहजै अनुमान लगाउन सकिन्छ ।कमजोर वित्तीय चेतना, पूर्वदेखि मुलुकभित्रैबाट पश्चिम जान नसकिने अवस्थाको कठिन भूगोल, जनसंख्याको ठूलो अंश साक्षरसम्म नरहेको अवस्थामा प्रत्येक जिल्लामा बैंक शाखा पुर्‍याउन राष्ट्र बैंक सामु चुनौतीका पहाड नै थिए । तर प्रत्येक जिल्लामा कम्तीमा एउटा बैंक शाखा नपुर्‍याइ भएको थिएन । अतः राष्ट्र बैंकले नयाँ शाखाको सुरूका वर्षको नोक्सानी व्यहोरिदिने नीति अँगाल्यो । सुरूमा ३ वर्षसम्म शतप्रतिशतसम्म र त्यसपछि ५ वर्षसम्म क्रमशः १००, ७५, ५०, २५ र १० प्रतिशतसम्म नोक्सानी व्यहोर्ने नीतिका कारण वाणिज्य बैंकहरू शाखा खोल्न उत्प्रेरित भए ।त्यसो त नेपालमा त्यतिबेलासम्म नेपाल बैंक, राष्ट्रिय वाणिज्य बैंक र वाणिज्य बैंकिङ नगरेको कृषि विकास बैंक मात्र थिए । त्यस समयमा नयाँ खुलेको शाखालाई कार्यकारी पुँजी अभाव हुन नदिने नीति पनि अँगालिएको थियो । यस्तो कार्यकारी पुँजी बैंक शाखा खुलेको तीन वर्षसम्म चुक्ता गर्ने गरी २ लाखसम्म दिने नीति थियो । अन्ततः २०३४ असारमा तत्कालीन सबै ७५ वटै जिल्लामा वाणिज्य बैंकका शाखा पुगेका थिए । यस कार्यमा नोक्सानी व्यहोर्ने नीतिअन्तर्गत राष्ट्र बैंकले २०३७ असारसम्म ७५ लाख ५१ हजार नोक्सानी व्यहोरेको थियो । त्यसका अतिरिक्त बैंकहरूमा कार्यकारी पुँजीको अभाव हुन नदिने नीतिअन्तर्गत २०३७ असारसम्म वाणिज्य बैंकलाई ७५ लाख २५ हजार उपलब्ध गराएको थियो । यस कार्यक्रमअन्तर्गत २०३७ असारसम्म मुलुकभर वणिज्य बैंकका कुल २४१ शाखा खुलेका थिए । जसमा मुलुकका ग्रामीण क्षेत्रमा १५४ वटा र सहरी क्षेत्रमा ८७ वटा बैंक शाखा खुल्न पुगे ।असार २०७३ सम्म नेपालमा वाणिज्य बैंकहरूका जम्मा १ हजार ८ सय ६९ वटा शाखा (धेरै शाखा सहरबजार केन्द्रित) थिए । यी शाखाहरू तत्कालीन जनसंख्यालाई तुलना गरी हेर्दा करिब १५ हजारमा एउटा वाणिज्य बैंकको शाखा हुन आउँथ्यो । यही विषयलाई समेत मनन गरी वि.सं. २०७४ मा राष्ट्र बैंकले सबै स्थानीय तहमा कम्तीमा वाणिज्य बैंकको एक शाखा खोल्ने नीति अँगाल्यो । असार २०७४ सम्ममा मुलुकका ७५३ स्थानीय तहमध्ये करिब ४० प्रतिशत अर्थात् २ सय ९६ स्थानीय तहमा मात्र वाणिज्य बैंकका शाखा पुगेका थिए । तत्कालीन अवस्थामा लिइएको यो नीति वित्तीय समावेशीकरणका हिसाबले मात्र नभइ अन्य हिसाबले समेत रणनीतिक निर्णय थियो । तर कुनै पनि स्थानमा बैंक तथा वित्तीय संस्थाका शाखा खोल्न त्यस स्थानमा विद्युत्, पानी, सडक, सुरक्षा, इन्टरनेटजस्ता न्यूनतम भौतिक पूर्वाधारको आवश्यकता पर्छ ।मुलुकका सबै स्थानीय तहमा उपर्युक्त न्यूनतम पूर्वाधार उपलब्ध छैनन् भन्नेबारेमा राष्ट्र बैंकलाई राम्रै जानकारी थियो । तथापि, मुलुकभरि वितीय सेवा पुर्‍याउने र भर्खरै जारी भएको संविधानले अँगालेको संघीय संरचनालाई सघाउने हिसाबले पनि यो निर्णय गर्नु जरूरी थियो । तर सुरक्षा लगायत भौतिक पूर्वाधारबिना सबै स्थानीय तहमा बैंक शाखा खोल्न निर्देशन मात्र दिँदा त्यो प्रभावकारी नहुने भएकाले सबै स्थानीय तहमा बैंक शाखा सामानुपातिक ढंगले खोल्ने योजना पेस गर्न राष्ट्र बैंकले वाणिज्य बैंकहरूलाई नै निर्देशन दियो ।बैंक शाखा खोल्ने स्थानमा मिलेसम्मका पूर्वाधारको व्यवस्था गरिदिन नेपाल सरकारलाई अनुरोध गर्‍यो। यही सिलसिलामा वाणिज्य बैंकहरूबाट प्राप्त योजनासमेतलाई आधार बनाएर नेपाल राष्ट्र बैंकले १४ चैत २०७४ मा एउटा परिपत्र जारी गर्दै बाँकी रहेका स्थानमा शाखा खोल्न निर्देशन जारी गर्‍यो। उक्त निर्देशनमा वाणिज्य बैंकलाई पहिलो चरणमा वैशाख २०७५ भित्र थप २ सय ४३ स्थानीय तहमा र सोही वर्षको असारभित्र थप १ सय १६ स्थानीय तहमा शाखा खोल्न वाणिज्य बैंकको नाम र शाखा खोल्नुपर्ने स्थानीय तहको नामै तोकेर निर्देशन जारी भएको थियो । अन्ततः असार २०७५ मा ७५३ स्थानीय तहमध्ये ६३१ मा वाणिज्य बैंकका शाखा पुगे ।सबै स्थानीय तहमा बैंक शाखा खोल्न दिइएको अन्तिम मितिमा समेत कोशीमा २२ प्रतिशत स्थानीय तहमा शाखा खुल्न बाँकी थियो भने मधेश, बागमती, गण्डकी, लुम्बिनी, कर्णाली र सुदूरपश्चिममा क्रमशः १२, ११, १५, १०, ४६ र ४० प्रतिशत स्थानमा बैंक शाखा पुगेका थिएनन् । यसरी शाखा नखुल्नुमा बैंक तथा वित्तीय संस्थाका कारण भन्दा पनि कतिपय ठाउँमा स्थानीय सरकारको समन्वयको अभाव रहेको र अधिक स्थानमा सडक, बत्ती, इन्टरनेट लगायतका पूर्वाधारको अभाव नै प्रमुख कारण थिए । तर राष्ट्र बैंकले बैंक तथा वित्तीय संस्थाहरूलाई शाखा खोल्ने ताकेता गरिनै रह्यो भने नेपाल सरकारलाइ पूर्वाधारको व्यवस्था गरिदिन अनुरोध गरिरह्यो । अन्ततः असोज २०७६ सम्ममा ७ सय ३९ स्थानीय तहमा वाणिज्य बैंकका शाखा पुगे पनि १४ स्थानीय तह त्यतिबेला पनि बैंकविहीन नै रहे ।असार २०७७ सम्म आइपुग्दा मुलुकका जम्मा ६ स्थानीय तहमात्र बैंक शाखाको पहुँचबहिर रहे । त्यसैगरी, २०७८ को असारसम्म आइपुग्दा धादिङको रूवी भ्याली गाउँपालिका, जाजरकोटको जुनीचाँदे गाउँपालिका र बझाङको साइपाल गाउँपालिका मात्र शाखाको पहुँच बाहिर रहे । सबै तहमा शाखा पहुँच पुर्‍याउन नेपाल राष्ट्र बैंकको स्थानीय सरकार एवं वाणिज्य बैंकसँग निरन्तर सम्पर्क रही नै रह्यो । तर एउटा कुरा के सहज थियो भने बाँकी स्थानीय तहमा कुन बैंक जानुपर्ने हो भन्ने कुरा नेपाल राष्ट्र बैंकलाई पहिल्यै जानकारी थियो । सम्बन्धित बैंकको ढिलासुस्ती भन्दा पनि सम्बन्धित स्थानीय तहमा पूर्वाधारकै कारण बैंक शाखा नपुगेको अवस्था थियो । स्थानीय तहमा पूर्वाधार पुर्‍याउन सम्बन्धित स्थानीय तह, राष्ट्र बैंक एवं नेपाल सरकारकै पहलस्वरूप अन्ततः २०७९ मा बझाङको साइपाल गाउँपालिकाबाहेक सबै स्थानीय तहमा वाणिज्य बैंकका शाखा पुगे ।७ सय ५२ स्थानीय तहमा बैंक शाखा खुलेको लामो समयसम्म पनि बझाङको साइपाल गाउँपालिकामा बैंक शाखा खोल्न नसक्दा यो विषय नेपाल राष्ट्र बैंकका लागि मात्र नभएर नेपाल सरकारकै लागि समेत चासोको विषय बनेको थियो । आर्थिक वर्ष २०८१/८२ को बजेट वक्तव्यमा समेत बझाङको साइपालमा बैंक शाखा पुर्‍याउने विषयले स्थान पायो । शाखा खोल्न जानुपर्ने जिम्मा पाएको एभरेष्ट बैंक लि. र नेपाल राष्ट्र बैंकको निरन्तर प्रयासका कारण अन्ततः सुदूरपश्चिम प्रदेशअन्तर्गतको बझाङ जिल्लाको साइपाल गाउँपालिकामा यही २८ माघ २०८१ मा औपचारिक रूपमा बैंक शाखाको स्थापना हुन सकेको हो ।"
जब जंगलको बीचमा दुई किशोरीको क्षतविक्षत शव देखेँ...,"अछाम — फेसबुकको न्युजफिडमा भेटिने कतिपय सूचनाले कहिलेकाहीँ झस्काउँछ । त्यस्तै भयो माघ ११ गते । रातीको ८ बजेको थियो । कसैले लेखेको थियो, ‘अछामको ढकारी गाउँपालिका–८ का दुई किशोरी हिजोबाट सम्पर्कविहीन थिए ....।’ यो स्टाटसमा केही अप्रिय घटनाको छनक थियो ।यत्ति सूचना काफी थियो, मलाई अत्याउन । किनभने, मैले किशोरीहरू कसरी हिंसामा परिरहेका छन्, कसरी बलात्कारको सिकार भइरहेका छन् र कसरी उनीहरूको जीवन नै हर्ने घटना भइरहेका छन् भन्नेबारे जानकार थिएँ । अनि जानकार थिएँ, समयमै सचेत भइएन भने यस्ता बर्बर घटना शक्तिको पहुँच प्रयोग गरेर लुकाइन्छ वा सामसुम पारिन्छ भन्नेबारे पनि ।यो घटनाबारे बुझ्न मैले सुरुमै अछामका प्रहरी प्रमुख डीएसपी ईश्वरीप्रसाद भण्डारीलाई फोन गरेँ । उनले ढकारी गाउँपालिका–८ घोडासैनका दुई जना किशोरी मृत फेला परेको बताउँदै भने, ‘छिन्ने जंगलमा १४ वर्षीया सरस्वती खड्का र ईश्वरी खड्काको शव करिब २० मिटरको दूरीमा फेला परेको छ । उनीहरू एकै घरका फुपूभदैनी नाता रहेको जानकारी पाएका छौं ।’प्रहरीबाट मैले अरु कुरा पनि थाहा पाएँ । जस्तो कि, माघ ११ गते उनीहरू बस्तुभाउ चराउन बिहान घरबाट निस्केका रहेछन् । साँझसम्म घर नआएपछि परिवारले खोजी थालेका रहेछन् । माघ १२ गते शनिबार साँझ ६ बजे मात्रै गाउँलेले शव भेटेका रहेछन् । अनि, बल्ल घटनाबारे प्रहरीले थाहा पाएको रहेछ ।डीएसपी भण्डारीले आइतबार बिहानै प्रमुख जिल्ला अधिकारीसहितको टोली घटनास्थल जाने कुरा पनि बताए । मैले घटनाको यही सूचना प्रकाशनका लागि पठाएँ । ई-कान्तिपुरमा डटकममा यो समाचार छापिएपछि म थप सूचना खोज्नतिर लागेँ ।ती किशोरीको हत्या किन भएको होला ? त्यो हत्या मात्रै थियो कि बलात्कारपछिको हत्या थियो ? अपराधीहरू को होलान् ? अनि शव भेटिएको ठाउँ नै घटनास्थल थियो कि अन्त कतै हत्या गरेर त्यहाँ ल्याई फालिएको होला ? के यो घटनामा निष्पक्ष छानबिन होला ? मृतकले न्याय पाउलान् ?मेरो मनमा अनेकन् प्रश्नहरू उठ्न थाले ।घटनास्थल नपुगी यतिका धेरै प्रश्नका उत्तर पाउन पनि सम्भव थिएन । तर घटनास्थल पुग्न त्यति सजिलो थिएन । यताउति सोधखोज गरेपछि मैले थाहा पाएँ, सदरमुकाम मंगलसेनबाट २ घण्टा गाडीको यात्रा गरेर ५ घण्टा पैदल हिँडेपछि मात्रै त्यहाँ पुगिन्थ्यो ।कसरी जाने, एक्लै जाने कि कसैलाई साथी लैजाने ! यस्तै यस्तै सोच्दा सोच्दै रातको ११ बजिसकेको थियो । केही साथीको फोन उठेन । केही साथी त्यति टाढा जाने आँट गरेनन् । कसैले जान मन भएको तर स्वास्थ्य ठीक नभएको बताए ।आइतबार बिहानै ५ बजेतिर घटनाबारे थप जानकारी माग्दै ढकारी गाउँपालिकाका अध्यक्ष प्रकाश साउदलाई फोन गरेँ । उनले आफू अघिल्लो दिन धनगढी पुगेकाले खबर सुन्नेबित्तिकै अछाम फर्किरहेको बताए । मैले हतारमै सोधेँ, ‘कहाँ पुग्नुभयो ?’ उनले कैलाश खोला पुगेको जवाफ दिने बित्तिकै मैले सोधिहालेँ, ‘सिट छ भने मलाई पनि लिएर जानूस् न !’म घरबाट निस्कँदा घरका कुनै सदस्य पनि उठेका थिएनन् । पत्रकारितामा दशक बिताएँ तर पहिलो पटक घरमा बुवाआमालाई खबर नै नगरी म घरबाट निस्किँदै थिएँ । पालिका अध्यक्ष सवार गाडी भएको ठाउँमा पुगेँ । घरबाट करिब ८ किलोमिटर छिचोलेपछि बल्ल घरमा खबर गर्ने मेसो मिल्यो ।गाडीबाटै पत्रकार महासंघ अछामका अध्यक्ष रमेश रावतलाई फोन गरेँ । उनले केही समयपछि आफू पनि घटनास्थल जाने बताए । मनमनै सोचेँ, कम्तीमा दुई जना पत्रकार भइयो भने शक्तिका आडमा कसैले घटना सामसुम पार्न सक्दैनन् ।जब घटनास्थल पुगेँ...२ घन्टा गाडीको यात्रा र ५ घन्टाको पैदलयात्रापछि घटास्थल पुग्यौँ । त्यहाँ पुग्दा नपुग्दै म थाकिसकेकी थिएँ । किनकि, उकालो र ओराली अनि कतै कतै त भीरबाट हेर्दा नै रिंगटा चल्ने बाटो थियो । मैले बीच बाटोमै मंगलसेनबाट निस्केका प्रमुख जिल्ला अधिकारी र प्रहरी प्रमुखको टोलीलाई बाटोमै भेटेँ ।एकाबिहानै प्रहरी र नयाँ मान्छेहरूको लस्कर उकालो लागेको देखेर होला कि घटनाबारे थाहा पाएर होला- स्थानीयहरू त्यहाँ जम्मा भएको देखिन्थे । घटनास्थलमा २५ जनाजति स्थानीय रातभर शव कुरेर बसेका रहेछन् । मैले अलिक परबाट दुई किशोरीको शव देखेँ । एक थिइन्, १४ वर्षकी ईशारा खड्का र अर्की थिइन्, १५ वर्षकी सरस्वती खड्का ।ईशाराको अनुहार क्षतविक्षत थियो । उनको अवस्थाबारे वर्णन गर्ने शब्द पनि मैले भेटिनँ । ईशाराको शवभन्दा १५ मिटरमाथि सरस्वती खड्का निष्प्राण भएर लडेकी थिइन् । उनको टाउपछाडिको भागमा गहिरो चोट थियो । लुगा च्यातिएको थियो । छेउमा आँसी, चप्पल र सेतो दोपट्टा थियो ।शव रहेको स्थानबाट करिब १० मिटर माथि पुगेँ । माथीबाट ठूला ढुंगा निकालेर खसालेजस्तो देखिन्थ्यो । घटनास्थलमा कतै ढुंगा निकालेजस्तो देखिन्थ्यो । कतै रुखका हाँगा भाँचिएको देखिन्थ्यो । घटनास्थललाई शंकाको नजरले नहेर्ने हो भने ठूला ढुंगा खसेर दुवैको प्राण गएको भन्न सकिन्थ्यो ।घटनास्थल पुगेका किशोरीका आफन्त र छरछिमेकी मौन थिए । उनीहरू आँखाभरि आँसु टिलपिल बनाउँदै शवतिर एकोहोरो हेरिरहेका थिए । हत्याको आशंका गर्दै प्रहरी–प्रशासनलाई दबाब दिने स्वर कतै सुनिएन । सबै स्तब्ध र मूर्छित थिए ।ईशाराकी भाउजू कृष्णा खड्काका अनुसार ईशारा र सरस्वतीको स्कुलमा पढाइ नभएकाले अभिभावकलाई काम सघाउन बेंसी झरेका थिए । शुक्रबार दिउँसो खाना खाएर बाख्रा लिएर जंगल पुगेका उनीहरू साँझ अबेरसम्म नफर्केपछि खोजी सुरु भएको थियो । उनलाई नन्द ईशारा र ढकारीका एक जना किशोरबीच फोनमा कुरा भइरहनेबारे थाहा रहेछ । त्यही सूचनाका आधारमा केहीले ईशारा त्यही केटोसँग भागेको र यही कुराको डरले सरस्वती लुकेको हुन सक्ने अनुमान गरिरहेका रहेछन् ।नन्द घर नफर्केपछि कृष्णाले ती किशोरलाई ईशाराबारे सोधिछिन् । जवाफमा ती किशोरले आफूलगायत ३ जनाले दिउँसो इशारा र सरस्वतीलाई जंगलमा भेटेको बताए र पछि प्रहरीले कृष्णाले दिएको सूचनाकै आधारमा अनुसन्धान अघि बढायो ।घोडासैन गाउँबाट करिब ४ घण्टा तलको घनाजंगलमा सरस्वती र ईशारालाई शनिबार साँझ खोलामा माछा मार्न गएका टेकबहादुर बुढ्थापा लगायतले देखेपछि मृत्युको खबर गाउँभर फैलिएको रहेछ । ती किशोरीहरूको हत्याबारे मैले निरन्तर रिपोर्टिङ गरिरहेँ । प्रहरी प्रधान कार्यालय र गृह मन्त्रालय दुवैले घटनामाथि चासो देखाए । अनि प्रहरीले पनि गम्भीरतापूर्वक अनुसन्धान अघि बढायो ।घटनाको अनुसन्धान सकाएपछि प्रहरीले निष्कर्ष निकाल्यो, ईशारा र सरस्वती प्रेम सम्बन्धमा थिए । अनि उनीहरू शारीरिक सम्बन्धको प्रस्ताव अस्विकार गर्दा मृत्युवरण गर्न बाध्य भए । यो घटनापछि म किशोरावस्थामा हुने प्रेम अनि यही प्रेमको फाइदा उठाउँदै जबर्जस्ती गर्न खोज्ने प्रवृत्ति किन यो समाजमा हुर्किरहेको छ र यसका पछाडि के कस्ता सामाजिक कारणहरू होलान् भनेर घोत्लिएँ । ईशारा र सरस्वतीको आखिर के दोष थियो र उनीहरूले हत्याको सजाय भोग्न बाध्य भए भनेर पनि सोचेँ । अनि सोचेँ, के शारीरिक सम्बन्ध राख्न अस्विकार गर्नु नै उनीहरूको दोष थियो त ?यो प्रश्नले भने मेरो मनलाई अहिले पनि बिझाइरहेको छ, तनाव दिइरहेको छ र मथिंगल नै हल्लाइदिएको छ ।"
नेपथ्यको यात्रामा : पिरिमसित जाने कि नजाने ?,"काठमाडौँ —छेक्यो छेक्यो काठमान्डु भ्याली धूलो र धूवाँलेछाडेन कहिल्यै जहाँ गए पनि फोहोरको डंगुरलेझ्यालैमा बसेर ल है फोहोर फाल्नुपर्दैनहो हो फोहोर फाल्नुपर्दैननेपथ्य ब्यान्डको बहुचर्चित गीत ‘छेक्यो छेक्यो देउराली डाँडा हुस्सु र कुहिरोले’ लाई हामीले भने काठमान्डुको ताहाचलस्थित तारापुञ्ज स्कुलमा फोहोरसँग जोडेर गाएका थियौं । म कालिमाटीबाट ताहाचलको स्कुल जाँदा–आउँदा बेलाबेला गल्लीमा माथि झ्यालबाट फोहोर फाल्थे मान्छेहरू । काठमान्डु बिग्रेको धेरै भइसक्यो । अहिले त देशभरिका सबै सहर काठमान्डु जस्तै कसरी बिग्रने भनेर प्रतिस्पर्धा नै गर्दै छन् ।गीत गाएको अघिल्लो शताब्दीको अन्तिम दशकको अन्त्यतिर अर्थात् सन् १९९८ मा हो । त्यो बेला मेरो डेरामा न रेडियो थियो, न त टेलिभिजन । २१ औं शताब्दीको सुरुको वर्ष अर्थात् सन् २००१ मा अरबको खाडीबाट फर्किंदा आमाले दुइटा स्पिकर भएको पानासोनिकको रेडियो टेपरिकर्डर ल्याइदिनुभएको थियो ।त्यो मेरो जीवनको सबैभन्दा महँगो र किम्ती वस्तु थियो । त्यसमा गीत सुन्न मात्रै होइन, रेकर्ड गर्न पनि मिल्थ्यो । वास्तवमा मलाई त्यो टेपरिकर्डरले नै पछि रेडियोमा बोल्ने मान्छे बनायो । त्यो साथी थियो, अभिभावक थियो । मैले नेपथ्यका गीत सबैभन्दा धेरै त्यही टेप रेकर्डरमा सुनें, त्यसैमा रेकर्ड पनि गरें ।३० वर्ष यही खाल्डोमा बरालिँदा पनि मैले त्यसका गायक अमृत गुरुङलाई कुराकानी गर्ने गरी भेटेको थिइनँ । सुरुमा ‘छेक्यो छेक्यो’ गीत नेपथ्यकै रविन श्रेष्ठले गाएका थिए, तर पछि नेपथ्यको पर्याय बने अमृत । गत पुसको एक दिन म गन्तव्यविहीन हिँडाइमा थिएँ ।बेलाबेला यसै सहरमा दिनभरिजसो हिँड्छु, बिनाउद्देश्य वा हिँड्नु नै उद्देश्य हुन्छ । गन्तव्य नतोकिएका यात्रा झन् रमाइला लाग्छन् मलाई । त्यसमा करकाप हुँदैन, मनोमानी हुन्छ । कतै नपुगेकामा दुःख मनाउ गर्नुपर्ने हुँदैन, जहाँ पुगिन्छ त्यो नै गन्तव्य हुन्छ । कतै पोलेका मकै खायो, कतै टुसुक्क बसेर चिया ! खोला किनारतिर ह्वास्सको गन्ध सुँघ्यो, हावामा गाडीको धूवाँ । कसैलाई फ्याट्ट फोन गर्‍यो, मिले चिया पियो, नमिले ‘पछि भेटौंला है त’ भन्यो, अगाडि बढ्यो ।ललितपुरको जावलाखेलबाट हिँडेर काठमान्डुको डिल्लीबजार पुगेको थिएँ । डिल्लीबजारको थुम्कोमा नेपथ्य ब्यान्डको व्यवस्थापन गर्ने नेपालयको कार्यालय छ । मैले फ्याट्ट नेपालयका पुस्तक सम्पादक विमल आचार्यलाई फोन गरें, चियाका लागि । भवनमा पस्दै गर्दा विमलले मलाई ‘पहिला अमृत दाइसँग भेटाउँछु’ भने र एउटा कोठामा छिराए । डेक्सटप कम्प्युटर हेरेर बसेका अमृतलाई उनले भने, ‘दाइ, रमेश भुसाल ।’ तर, अमृतले चिनिहालेनन् ।अमेरिकाको लसएन्जलस एनहायमस्थित “हाउस अफ ब्लुज” मा नेपथ्य–कन्सर्ट (जेठ १२, २०८२)‘छालबाटो दाइ’, विमलले थपे । ‘ओहो भाइ, म त्यो कर्नालीको बाटो पटक–पटक हिँडेको अनि र्‍याफ्टिङ पनि गरेको । किताब पढ्दा त मलाई यात्रा गरेजस्तै भयो,’ अघिल्लो दिन अमृतले मेरो किताब ‘छालबाटो : कैलाशदेखि गंगासम्म’ पढिसकेर त्यसबारे विमललाई भनेका रहेछन् । मलाई विमलले भेटाउनुको कारण पछि खुल्यो । आफ्ना प्रिय गायकले त्यसो भन्दा म खुसी हुने नै भएँ ।कोही मान्छे भेटिएकै हुँदैन, तर उसलाई सधैं भेटेजस्तो लाग्छ, कुनै संवाद भएको हुँदैन तर सधैं बोलिरहेको खास मान्छेजस्तो लाग्छ । अमृत त्यस्तै मान्छे हुन् मेरा लागि । मैले खलखल पसिना आउने गरी रेडियोको स्टुडियोमा ढोका थुनेर उनका गीत आफैंले मात्रै सुन्ने गरी कम्ता गाएको छैन । त्यो भेटमा मैले उनले गाएका अनेकन गीत सम्झिएँ र केहीबेर उभिएरै पनि प्रकृतिदेखि संगीतसम्मका कुरा गर्न भ्यायौं हामीले ।उनीसँगको अन–अपेक्षित भेटपछिको एक साँझ नेपालयमै हुने पलेँटी संगीत हेर्न नेपालय पुगें । केहीबेर गफिएर गिरीश गिरीले लेखेको किताब ‘नेपथ्य’ किनें, अमृतको सही गराएँ र घर फर्कें । केही दिन किताब त्यत्तिकै बस्यो । पढ्न सुरु गर्ने सोच्दैथिएँ । खै किन हो किन, मलाई त्यो किताब पुरानो टेपरिकर्डरमा गीत बजाउँदै पढ्न मन लाग्यो, जसरी म फिजिक्स, केमेस्ट्री, बायोलोजी, जिओलोजी र इकोलोजीका कोर्सबुक पढ्थें, त्यो पानासोनिक घन्काएर ।अर्को दिन मैले पुराना क्यासेट खोजें । नेपथ्यका दुई क्यासेट भेटें । वि.सं. २०५८ सालको ‘रेशम’ र २०६० को ‘भेडाको ऊनजस्तो...’ । दुवै क्यासेटको मूल्य रु. ६५ रहेछ । भुइँतलामा रहेको टेप रेकर्डरमा लागेको धूलो सफा गरें । त्यसलाई बिजुली खुवाउने व्यवस्था गरें । ‘रेशम’ क्यासेट टेपमा हालें, तर गीत बजेन ।मीनाक्षीले ‘साइड चेन्ज गर, रिल सकिएर होला’ भनेपछि बल्ल मैले सम्झें– क्यासेटमा ‘साइड ए’ र ‘साइड बी’ हुन्छ । श्रीमती पनि मेरै जमानाकी जो परिन । मैले ८ वर्षकी छोरीलाई हामीले यसरी गीत सुन्थ्यौं भनेर देखाएँ तर उनले भनिन्, ‘आर यू सिरियस् !’ म भर्खर ‘४० केटेसी रमाउँला’ भन्ने उमेरमा पुगेको छु, तर छोरी क्यासेट देखेर अचम्म पर्छिन् ! अहो, ‘प्रविधि’ नामक इन्धन भरेर समय फेरिएन मात्रै यो त उर्लियो, अघिल्ला दुई दशकमा ।गीत बज्यो :माया गर्ने बानी, उल्टै हुन्छ हानिछुटिँदैन केही गर्दा पनि, लागेको बानीबेलाबेला टेप रेकर्डर खोल्छु, गीत सुन्छु, किताब पढ्छु । यसैगरी पाना पल्टाउँदै छु, बिस्तारैबिस्तारै । किताब पढ्दै गर्दा मलाई यस्तो लागिरह्यो– गीतले सुरुमा घुम्दैफिर्दै बा–आमा खोज्छ, पिरती लाउँछ, गीत गर्भमा बस्छ, बढो दुःखले उसको जन्म हुन्छ र न्वारन ।कति गीतको अकालमा मृत्यु हुन्छ भने कति दुःखले बाँचेका हुन्छन् । मान्छेजस्तै गीत पनि सुखी र दुःखी हुन्छन् । केही गीत बिमार पर्छन् त केही सानले सयौं वर्ष बाँच्छन् । गीतका खास मीत हुन्छन् अर्थात् श्रोता । त्यसलाई मीत लगाइदिने गीतका बा–आमा चाहिँ त्यसका गायक, संगीतकार र गीतकार हुन्छन् ।माघको महिना, कोठाअगाडि उभिएको बेलौतीको रुखलाई मैले भर्खरै ठुट्याएको छु । शब्दमा खेलिरहेका मेरा आँखा बेलाबेला तिनै ठुटातिर गइरहन्छन् । बेलौती उभिएको जमिनको माटोमा मल भरिदिएको छु ताकि उसले पोषणयुक्त खाना पाओस् र आफूलाई चाँडै फुलाउन सकोस् । काटिएका ठाउँबाट बेलौती फेरि पलाउने तयारीमा छ । टुप्पामा घर–भँगेरा फुरफर गर्दै छन् ।बेलाबेला जुरेली पनि आउँछन् । केहीअघि त फाप्रे चरा पनि आएको थियो । गीत बजेको छ तर ती भँगेरालाई कुनै चासो छैन । के तिनले ‘चरी मर्‍यो सिसैको गोलीले’ गीत गाउने नेपथ्यका अमृत चिन्दैनन् ? म मन–प्रश्न गर्छु । अनि फेरि आफैंलाई भन्छु, यो पृथ्वीमा मान्छे मात्रै त हो गीत सुन्ने, गीत गाउने, क्यासेट बेच्ने, युट्युब सुन्ने । अरू प्रजातिमा न साहित्यकार हुन्छ, न गीतकार हुन्छ । न गायक हुन्छ न संगीतकार । न ब्यान्ड हुन्छ न गितारिस्ट ।आवाज त चराले पनि विभिन्न निकाल्छन् र अरू प्रजातिले पनि । तर, यत्ति हो मान्छेले जस्तो बाजागाजा बनाउन तिनले सक्दैनन्, स्टुडियोमा रेकर्डिङ गर्दैनन्, सुरताल सिक्दैनन्, संगीत भर्दैनन्, स्टेजमा कन्सर्ट गर्दैनन् । न त आयोजक हुन्छन् न त दर्शक । मान्छेमा जस्तो स्वरमा विविधता अरू प्रजातिमा छैन । एकै प्रजातिका सबै कोइलीको उस्तै स्वर हुन्छ, तर मान्छे एउटै प्रजाति भए पनि अर्बौं मानिसका अर्बौंथरी आवाज । मान्छेले साँच्चै धेरै कुरा पाएको छ तर सबैभन्दा धेरै पाएर, धेरै खाएर पनि सबैभन्दा दुःखी उही छ, किन ? फेरि मन–प्रश्न गर्छु ।क्यासेटमा ‘साइड ए’ सकिन्छ, ‘साइड बी’ का गीत सुन्न टेपरेकर्डरको बटन क्याच्च थिच्छु । म बेलाबेला पालैपालो दुई चक्का सुनिरहेको छु । तपाईंसँग पनि पुराना क्यासेट छन् र बज्ने क्यासेट–प्लेयर छ भने निकाल्नुस् र क्याच्च पार्नुस् ! यदि छैनन् भने पुराना दिन सम्झनुस् । मभन्दा अलि पछिको जेन–जी वा जेन–अल्फा पुस्ता पर्नुभएमा यस्तो अनुभव गर्न नपाउनुभएकामा सरी ! तपाईंलाई क्यासेट फर्काउने दुःखै गर्नुपरेन, अहिले त तपाईं प्ले–लिस्टमा गीत राखेर भिडियोसहित मस्त हुन पाउनुहुन्छ । तपाईं भाग्यमानी !गीत बज्यो :स जौका बारी, गौंका फुला कम्पनीस फूल बान्दी जया बैनै कम्पनीझल्काइदेऊ झल्काइदेऊ गलैको माला कम्पनी...फागुनको अन्तिम छेक ‘नेपथ्य’ किताब झोलामा हालेर ऊ जन्मिएको पोखरा जाँदै छु । बिहान झिसमिसेमा विमानस्थल पुगेको मलाई सात घण्टा कुराएर जहाज नउड्ने सन्देश दिई बुद्ध ध्यान गर्न गए । म भने जहाजको बोर्डिङ पास गोजीमा राखी गाडी चढेर मध्यरातमा पोखरा पुगें । बोर्डिङ पासको सिरानी लगाएर, टर्बुलेन्स नै टर्बुलेन्सवाला सडकले हल्लाएर शिथिल पारेको शरीरलाई मैले पोखराको तालछेउमा लम्पसार पारें, बिहान हिमाल देख्ने आसमा ।फेवातालको छेउमा सयौं मानिस साहित्यबारे वा त्यस्तै अरू केहीबारे गफ गरिरहेका छन् । तालका डुंगामा मानिसहरू बगिरहेछन्, फोटो खिचिरहेछन् । रुख उभिइरहेका छन्, चरा कराइरहेका छन् । हाडलाई मासुले छोपेजसरी चट्टानलाई हिउँको लेपन लगाउन पाएकामा माछापुच्छ्रे, धौलागिरि र अन्नपूर्ण हिमशृंखला मख्छ छन् । लाग्छ, माछापुच्छ्रेले हिउँरूपी टिसर्ट लगाएको छ भने छेउछाउका अरूले चाहिँ ज्याकेट ।यही फेवातालबाट अमृतले साधना गर्ने प्यारो गोठ पुग्न एकाध घण्टा लाग्छ, तर मलाई जानु छैन, सम्झनु मात्रै छ । उनी अस्ट्रेलियाका सहरहरूमा कन्सर्टमा घन्काइरहेका छन् त्यसैले उनको गोठमा गएर के गर्नु ? सायद गोठका बिराला प्रतीक्षारत थिए होलान्, तर मलाई त्यो प्रतीक्षा हेर्ने रहर भएन ।अमृतले खेलेका पहाड वरिपरि छु म, उनले पौडेको तालछेउ ! उनले ‘नेपथ्य’ किताबमा भनेका छन्– उनका पालामा गाउँमा युवाहरूले भन्थे रे, कि त दोकान कि त जापान ! म सम्झेर हाँसिरहेको छु । जापान गएका भए अमृतले अहिले के गर्दा हुन् ? दोकान खोलेको भए अहिले किराना वा कपडा दोकानमा सामान बेच्दै गरेका अमृत कस्ता देखिँदा हुन् ? भो अहिलेकै अमृत ठीक छन्, कम्तीमा मैले गीत त सुन्न पाएँ भनेर मुस्कुराउँछु ।फेवातालमा केहीबेर डुंगामा बगेर म तालपारि पुगेको छु । परको हिमाल हेरिरहेको छु । घामले डामेर हिउँलाई पगालेर बाफ बनाउँदै छ । त्यही हिमाल, जहाँ त्यो बादल हिउँ बनेर झर्‍यो र केहीबेर त्यहीं बस्यो, उडेर उसैलाई छेक्दै छ । समयको न कुरा हो । हिजो हिउँ बनेर झरेको पानी बिहान उडेर बादल बन्यो र पछि हिउँ बनेर फेरि झर्नेछ मान्छेजस्तै । हिजो कोही आयो, आज कोही छ र भोलि फेरी कोही आउनेछ । सबैले केहीबेर फुर्तीफार्ती गर्नेछन् र फेरि माटोका रूपमा अरू कसैका लागि मल बनेर बस्नेछन् । पृथ्वीमा हरेक कुरा चलायमान छ र त चलिरहेछ जीवन पनि– जन्म, मध्यान्तर र मृत्यु बनेर ।यिनै वरिपरिका रुखको छाहरीमा, तिनै तालको पानीमा, उभिएको सेतो हिमालमा, उड्दै गरेका बादलमा छ– नेपथ्यको मन र त गीतहरूमा त्यो झल्किन्छ । मानिस आखिर त्यही पानी, माटो, हावा, बादल, रुख, बिरुवाकै भरमा त बाँचेको हो, तर उसलाई लाग्छ, ऊ त उसको फोक्सोले सास फेरेर आफैं बाँचेको हो । भ्रममा छ मान्छे, तर त्यसो भन्यो भने ऊ रिसाउँछ ।आधुनिक मान्छेलाई कम आँक्ने ? ऊ झोक्किन्छ । जहाज चढ्ने, बम पड्काउने, गाडीमा गुड्ने, रकेट उडाउने मान्छेलाई अहम्को भारीले थिचेको छ तैपनि ऊ भनिरहेछ– यो पृथ्वीमा मान्छे मात्रै बाँच्नुपर्छ, हाम्रै शासन चल्नुपर्छ । मानिसको कथामा ती हिमाल, तिनले बगाएका खोला, उडाएका बादल, हुर्काएका रुख, जमाएका ताल सबै कुरा मिसिएर आउँछन् र त गीत बन्छन्, जसरी यो गीतमा भनिएको छ :तालको पानी माछीले खानीपिरिमसित जाने कि नजाने !हाँगो नाच्ने वनचरी त आकाशैको बाजजुगौं भयो पिरिम भाको बल्ल भेटें आज‘नेपथ्य’ का गीतमा प्रकृतिका अनेक आयाम त्यसै आएका होइनन्, त्यसलाई अमृतले खोजीखोजी ल्याउँछन् । उनी मान्छेले गाएका गीत सुन्छन् र त्यो गीत जन्माउने प्रकृतिको आवाज पनि सुन्छन् । उनले मलाई पहिलो भेटमा भनेका थिए, माथि हिमालतिर हिँड्दै गर्दा स्पिकरमा गीत घन्काएर हिँडिरहेका एक जनाले उनीसँग फोटो खिच्न अनुरोध गरेछन् ।फोटो खिच्दै अमृतले भनेछन्, ‘चराले यस्ता राम्रा गीत गाएका छन्, रुखले सुसेलेका छन्, तपाईं किन चर्को गीत घन्काउँदै हिँडेको नि ? यहाँ त चरा, रुखलाई सुने पनि हुने ।’ उनले थपेका थिए, ‘म त कान र आँखा दुवै खोलेर हिँड्छु । सहरको कर्कस आवाज होस् वा नदीको गडगड आवाज । चराको चिर्बिर होस् वा रुखको स्याइँसुइँ ।’गीतरूपी बच्चा पाउन अमृत खोलाका तीर जान्छन्, पहाडका भीर नाप्छन् । जंगलको गहिराइमा डुब्छन्, हिमालसँगै हाँस्छन् । चराका स्वरमा अल्झिन्छन्, माटोको सुगन्ध सुँघ्छन् । जीवनको भोगाइ र मरणको पर्खाइमा रहेकाहरूसँग संवाद गर्छन् ।कहिले डोल्पाका थिन्ले भेट्छन् त कहिले संखुवासभाका डिल्ले । पहाडहरूमा गीत खोज्दै उकालिन्छन्, तराईका फाँट हेरेर गम्छन् । कतै रुन्छन्, कतै हाँस्छन् । यस्तै–यस्तैमा अघि बढेका अमृत कन्सर्टहरूमा आएर पोखिन्छन् । उनलाई तीन कुराप्रति निकै सम्मान छ– संगीत, साहित्य र प्रकृति । म अहिले संगीतबारे सोचिरहेको छु, साहित्यबारे सुनिरहेको छु र प्रकृतिमा रमाइरहेको छु, उनै अमृतको गाउँठाउँमा ।फेवातालको पारि अर्थात् तालपारि मसँग टेपरिकर्डर छैन, नभए क्यासेटको साइड चेन्ज गर्न क्याच्च पार्नेथिएँ । तर, सम्झनामा गीत त छ, जुन मैले धौलाशिरी हिमाल हेर्दै गुन्गुनाइरहेको छु–शिरफूल शिरैमा, वनफूल वनैमाहिउँको फूल धौलाशिरीमा...जहाज उडेर सेता हिमाललाई चुनौती दिँंदै उकालियो । पहाड–हिमाल होचा हुँदै गए । नदी गहिरिँदै गए । तिनै हिमाल पग्लेर, पहाड रसाएर झरेको सेती नदी नागबेली बगेर दक्षिण लाग्दै छ । अघिल्लो दिनको पानीले पखालेका पहाडहरू रसिला र सफा देखिन्छन् । म भने ‘नेपथ्य’ को त्यही गीत सम्झिरहेको छु वा गाइरहेको–झुलुक्कै हेर्दा टलक्कैमा टल्किरहने हिमालबाट खोलो झर्‍यो बेसी सललल नदेखे माया के हो कसो, देखे माया झलमल हिमाल हेर्दै जहाजमै नाच्ने छुट मलाई थिएन, त्यसैले खुट्टा हल्लाएँ । जहाज पूर्व हान्नियो कंक्रिटको जंगल भेट्न, जहाँ मेरो शरीर बस्ने गर्छ, मन त कहाँ छ कहाँ ! जहाजबाट हिमाल हेर्दै गर्दा म भने अमृतका प्रिय गायक अरुण थापासँग भएको डरलाग्दो भेटपछि तनावका बीच हिँडेको हिमाली पदयात्रा सम्झिन्छु ।लागूऔषधमा फसेका अरुण जीवनको अन्तिमतिरको समय बिताइरहेका हुन्छन् । एक दिन अमृत बागबजारमा अरुण बसेको होटल पुग्छन् । हातमा सुई घोच्न खोजिरहेका अरुणले सकिरहेका हुँदैनन् । ‘भाइ हेल्प मी’, अरुण अनुरोध गर्छन् । अमृतलाई दया लाग्छ र सहयोग गर्न जान्छन् । तर, अरुणको हात हल्लिएर सुई त अमृतको हातमा गाडिन्छ, रगत आउँछ । एचआईभी संक्रमित हुन्छन्, अरुण ।अमृतलाई त्यो कुरा थाहा त थियो, तर उनको दयाभावले भाइरसबारे सोचेन सायद । आफ्नो हातबाट रगत आएपछि अमृत झल्याँस्स हुन्छन् र भाइरस सम्झेर आत्तिन्छन् । ‘के गरेको ?’ भनेर चिच्याउँदै गर्दा अरुणले ‘सरि भाइ’ भन्छन् । तर, त्यसको के अर्थ ! सुई गडिसक्यो, रगत आइसक्यो ! अमृत फनक्क फर्किन्छन् र टेकु अस्पतालमा एचआईभी परीक्षण गर्न जान्छन्, तर रिपोर्ट आउन ४२ दिन लाग्छ भनिन्छ ।भर्खरै बिहे गरेका उनी घरबाट ‘डकुमेन्ट्रीको काम छ’ भनेर केही हप्ताका लागि हिमालतिर जान्छन्, मैले हेरिरहेका तिनै हिमालतिर । मृत्युको भयले आत्तिएको उनको मनमा अरुणप्रतिको सम्मान घटेको हुँदैन । बीचबाटोतिर उनले रेडियोमा अरुण मरेको खबर सुन्छन् र खिन्न हुन्छन् । केही सातापछि उनी काठमान्डु फर्किन्छन् । उनको रिपोर्ट ‘नेगेटिभ’ आउँछ । अरुणले सास फेर्न छाडेको यो सहरमा अमृतले लामो सास फेर्छन् ।अरुणको गायकी क्षमताको प्रभाव अमृतमा गहिरो गरी बसेको हुन्छ, तर अरुणले आफूलाई जसरी सिध्याए, त्यसले भने अमृतको मन बेचैन भइरहन्छ । अमृत भन्छन्, ‘अरुण दाइ दुःखी थिए, तर उनी मञ्चमा बसेपछि मञ्च चमक्क चम्कन्थ्यो । खासमा अरुण ऋतुहरूको वसन्तजस्तै गायनका वसन्त थिए, उनको जीवन भने शिशिरजस्तो कठोर ।’...चैतको अन्तिम साता ! घरको बेलौतीमा पात छपक्कै भएका छन्, मनमा खुसी । नेपथ्य अस्ट्रेलियाबाट फर्कियो र उसले काठमाडौंको उत्तरमा बागमती किनारछेउ गोकर्णेश्वरमा घन्किने तयारी गर्दै छ । म भने नेपथ्यको कन्सर्ट पहिलो पटक हेर्ने योजनामा छु । पूर्णिमाको साँझ । घाम अस्तायो, जून उदायो । स्टेजमा घडीले समय देखायो, ६ बजे ।सात हजार मानिस भेला भएछन् । साँझ बिस्तारै गहिरिँदै गयो भने अमृतले गीत घन्काउँदै गए । दर्शकका हजारौं मोबाइल र माथि जूनलाई हेर्दा यस्तो लाग्थ्यो, पृथ्वीको एउटा जून भएजस्तै हरेक मान्छेसँग मोबाइलरूपी एउटा–एउटा जून छ । माथिको जूनलाई नै फिक्का बनाउने गरी मानिसहरू मोबाइलरूपी जूनले ‘नेपथ्य’ खिचिरहेछन्, गीतमा झुमिरहेछन् । पूर्णेको जून हेर्दै अमृतले घोक हाले, ‘आउँदै गरेको नयाँ साल सबैको राम्रो होस् हइइइइइइ । यो सुन्दर देश जसरी भए पनि हेर्न जानूस् हइइइइइइ । यो प्रकृतिले दिएको नासो जोगाइराख्नूस् हइइइइइइ । यो नेपाली भाषा बोलिराख्नूस् हइइइइइइ । यो रातो चन्द्र–सूर्य रहेसम्म हामी मिलेर बसौं हइइइइइइइ ।’म भने यो भव्य कन्सर्ट हेर्दै सम्झिरहेको छु– त्यो भैरहवामा भएको ‘नेपथ्य’ को कन्सर्टको प्रसंग, जहाँ कार्यक्रम सकिएपछि आयोजक भाग्छन् । तिनै आयोजकलाई लखेट्दै अमृतहरू सडकमा अश्लील गाली गर्दै, ‘समात् समात्’ भन्दै दौडिन्छन् र अन्तिममा खाली हात काठमान्डु फर्किन्छन् । त्यही ‘नेपथ्य’ आज व्यवस्थित र भव्य कन्सर्टमा ढुक्कले गाउँदै छ, हजारौंका माझ । घडीमा आठ बज्यो, कन्सर्ट सकियो, दर्शक लाखापाखा लागे । तर, आयोजक भागेनन् ।...सन् २०१३ मा नेपथ्य लन्डनको वेम्बली स्टेडियममा गीत गाउने पहिलो नेपाली ब्यान्ड बन्यो । यो लेख सुरु गर्दा अस्ट्रेलियातिर थियो ‘नेपथ्य’, लेख छापिँदा अमेरिकामा घन्किरहेको छ । यसरी कन्सर्टमा धेरै दौडेर ‘नेपथ्य’ ले नयाँ गीत कम ल्यायो भन्ने गुनासो उसका शुभचिन्तकको छ वा मेरो छ भनेर म नभनिरहन सक्दिनँ । फेरि यसरी नेपाली ब्यान्ड संसारैभरि घन्कनु पनि नराम्रो कहाँ हो र भनेर पनि भन्न मैले छुटाउनु भएन ।तपाईं मलाई दोधारे वा दहीचिउरे पनि भन्न सक्नुहुन्छ । कलाकारले जीवन धान्ने पैसा पाए पो ढुक्कले सिर्जना गर्न सक्छन् । ‘नेपथ्य’ का कैयौं क्षमतावान सदस्य त्यसैको पीरले विदेश भास्सिए– कोही हङकङ, कोही जापान ! कुनै बेला अमृतले पनि संगीत छाड्ने सोच्दै थिए । ‘त्यसैले त्यसरी कन्सर्ट भइरहुन् तर नयाँ गीत पनि आइरहुन् हइइइइइ अमृत दाइ !’ भनेर मैले घोक किन नहाल्ने ?यस्तो ब्यान्डबारे पक्कै किताब लेखिनुपर्थ्यो । किताब गिरीश गिरीले लेखेको भए पनि अमृतले सहलेखकसरहको हिस्सा ओगटेका छन् । कतै डुंगारूपी नेपथ्य नदीका छाल पार गर्न संघर्ष गरिरहेछ, कतै शान्त रहमा पौडिरहेछ । ब्यान्डका सदस्यबीचको मनमुटाव, झगडा र बिछोडको शृंखला नै छन् । कतै चट्टानमा बझारिएको छ, कतै शान्त छ– नेपथ्य । तर, उसले बग्न छाडेको छैन ।नेपथ्यरूपी डुंगा छालमा परेर ढलमलिँदा आड दिने दीपकजंग राणा छन् तर उनी ब्यान्डमा भने छैनन् । ‘नेपथ्य’ स्थापना गर्ने भीम पुन पनि छैनन् । सुरुवाती गायक रविन श्रेष्ठ पनि अन्तै लागे । पटक–पटक फुट्छ ‘नेपथ्य’, नेपालका कम्युनिस्ट पार्टीजस्तो तर ‘नेपथ्य’ मर्दैन किनकि त्यसलाई अमृतले पानी–मल हालेर फेरि हुर्काउँछन् ।...वैशाखको अन्तिम साता ‘नेपथ्य’ को टोली अमेरिका जानु केही दिनअघि ‘नेपालय’ मा नयाँ गीतको भिडियो हेर्दा फेरि अमृतसँग छोटो भेट भयो । उनी मलाई ‘छालबाटो’ भनेर बोलाउँछन् । उनको नयाँ गीत पनि कर्नालीकै रहेछ– ‘कर्नालीका छाइला’ अर्थात् ‘छाया’ । त्यो भिडियो हेरेर आइसकेपछि यो लेखको मैझारो गर्न फेरि म क्यासेटमा गीत सुन्दै उही बरन्डामा बसेको छु । बेलौतीका पात छपक्कै भएका छन् । भर्खर फुलेको छ, अब केही समयमा फल्छ । ‘नेपथ्य’ पनि कैयौं पटक टुक्रिएर, पटक–पटक जोडिएको छ ।कैयौं पटक काटिएर फेरि पलाएको छ । कैयौं पटक ढलेर फेरि उठेको छ, जसरी काटिएको बेलौतीको रूखले फेरि हरियो भएर सेता फूल फुलाउँदै छ । बेलौतीलाई मैले मल हालेको छु भने ‘नेपथ्य’ लाई उसका मायालु श्रोताले ।नयाँ प्रयोगस्वरूप ‘नेपथ्य’ ले गीतको भिडियो केही समय पैसा तिरेर हेर्न मिल्ने बनाएको रहेछ । निःशुल्क हेर्न मैले एक–दुई हप्ता कुर्न सकिनँ, त्यसैले २० रुपैयाँ तिरेर भिडियो किनें र बारम्बार हेरें । कर्नालीका छालले भिजेर आएको मेरो शरीरमा ‘नेपथ्य’ को छाया मिसाएँ । एकातिर क्यासेट प्लेयरमा गीत बजिरहेको छ, अर्कोतिर ल्यापटपमा भिडियो घन्किरहेको अनि छ हातमा ‘नेपथ्य’ किताब । मलाई चिच्याएर भन्न मन लाग्यो, ‘नेपथ्यले गीत गाइरहोस् हइइइइइइ अमृत दाइ,’ जसरी उनी कन्सर्टहरूमा घोक हाल्छन् । अरू कुरा गोठमै होला, अहिलेका लागि भने ‘कर्नालीका छाइला हइइइइइइ’ !जीउ काटी जिउनारै लायाँ, अझै नपत्याउन्यानबोली पिरती टुट्यो, अझै नपत्याउन्याकर्नालीका छाइला, कर्नालीका छाइलै छाइला"
भूमिहीनको अवस्था फेर्न हिँडेका कम्युनिस्ट आफैं फेरिए,"उपन्यासकार झलक सुवेदी गैरआख्यानमा पनि स्थापित लेखक हुन् । राजनीतिक टिप्पणीका लागि प्रख्यात सुवेदीको किताब ‘भूमि, किसान र राज्य’ ले भूमिमा आश्रित किसान र राज्यको सम्बन्धका अनेक पत्रमाथि विमर्श गर्छ ।भूमिको असमान वितरण र किसानको सीमान्तीकरणको केन्द्रीयतामा यस किताबले नेपालको बजार, उत्पादनदेखि भूमिहीन र भूमिपतिको अन्तरसंघर्षमाथि बहस गर्छ । ‘भूमि, किसान र राज्य’ को सेरोफेरोमाझलक सुवेदीसँगदीपक सापकोटाको संवाद :एक रिपोर्टले भन्छ– नेपालमा ४ लाख, ५० हजार परिवार भूमिहीन छन् । सामन्ती भूस्वामित्वकै कारण ती पूर्ण वा अर्धभूमिहीन जीवन बाँचिरहेका छन् । ६० प्रतिशत किसानलाई जमिनमा दैनिक पाखुरा बजार्दा पनि अन्न अभाव हुन्छ । भूमिमै पसिना बगाउने किसान भोकै पर्ने यो विकराल दिन कसरी आयो होला ?यो प्रश्नलाई अलिकति फरक तरिकाले हेरौं । नेपालमा भूमिहीन परिवारको संख्या यति धेरै हुनुमा अनेक कारण छन् । गोरखा राज्य विस्तारसँगै केन्द्रीकृत र संगठित भएको सामन्तवादी भूमि सम्बन्ध यसको पहिलो कारण हो । लामो समयसम्म राज्य शक्तिमा पहुँच भएको निश्चित समूहको नियन्त्रणमा रहने गरी राज्यले नै भूमिको वितरण गरेको थियो । बिर्ता, गुठी र जागिरका रूपमा जमिनको नियन्त्रण सीमित परिवारको हातमा गयो ।बाँकी किसानहरू मोहीका रूपमा उनीहरूको जमिन कमाउने अनि कुत, श्रम र कर तिरेर बाँच्ने अवस्थामा थिए । सन् १९२३ पछि मात्रै भूमि वितरणमा बिस्तारै आधुनिक प्रणाली अपनाउन थालिएको हो, जसले रैकर स्वामित्वको आकार विस्तार गर्न मद्दत गरेको थियो । पछि भूमिसुधारका केही खण्डित कार्यक्रम लागू हुँदै जाँदा र कतिपय भूमिपतिहरूले गैरकृषि क्षेत्रमा स्रोत परिचालन गर्न जमिन बिक्री थालेपछि भूमिपतिहरूको हातबाट जमिन क्रमशः किसानहरूको हातमा जान थालेको हो ।यसैगरी राज्यले नै किसानलार्ई जमिन ओगटेर बस्ने गरी नयाँ ठाउँमा बसाइँ सर्न प्रेरित गरेको थियो । अहिलेको तराईको मुख्य जनसंख्या मधेशी मूलको भए पनि वा पहाडको भए पनि ती राज्यले प्रोत्साहन गरेरै बस्न पुगेका हुन् । यसरी भूमि वितरण र भूमि सम्बन्धमा गएको ७० वर्षमा ठूलै परिवर्तन आएको छ । अहिले नेपालमा भूमिसँग जोडिएको किसानको समस्या भूमिहीनभन्दा अत्यन्तै कम जमिन हुनु र सीमान्त किसानका दुःखका रूपमा बढी हो ।संरचनागत थिचोमिचोका कारणले भूस्वामित्वबाट वञ्चितीकरणमा परेको पंक्ति पनि हाम्रो समाजमा निकै ठूलो छ । दलित, कमैया कम्लरी बसेका थारू समुदायका मानिसहरू, चेपाङजस्ता पहाडे जनजातिहरू, प्रशासक र टाठाबाठाबाट जमिन हत्याइएकाले जमिन गुमाएका मधेशी आदिवासीहरू, बाढीपहिरोले उठीवास लागेकाहरू, जंगलमा सरकारका नियन्त्रण बढ्दै जाँदा सीमान्तमा धकेलिएका माझी बोटेहरू अनेक समूह छन्, जसले संरचनागत रूपले जमिनको स्वामित्व पाएनन् या गुमाए । यसरी जमिन हुने र नहुनेको दुई समूह अस्तित्वमा छ । जमिन नहुने र अन्य गैरकृषि पेसामा नगएकाहरू बढी गरिब छन् । गरिब र सीमान्त किसान भोकै रहनुपर्नाको कारणचाहिँ राज्यको बेवास्ता हो ।भूमिसुधारको मुद्दा पार्टीहरूका लागि 'भोटको राजनीति’ मात्रै किन बन्यो ?पहिलो त भूमिसुधारको प्रश्न भोटको राजनीति मात्रै बनेको होइन । २००७ देखि २०१७ सम्म नेपाल कम्युनिस्ट पार्टी र नेपाली कांग्रेसले भूमिसुधारलाई गम्भीरतापूर्वकै लिएका थिए । राजा महेन्द्रले भूमिसुधारका नाममा गरेका केही उचित/अनुचित कामले भूमिसुधारको वास्तविक मुद्दालाई गिजोलिदियो । २०४८ पछि भूमिसुधारको चरण कमजोर भएको थियो ।त्यसमा जे–जति हस्तक्षेपको सम्भावना थियो, त्यो पनि धनी किसान पृष्ठभूमिको राजनीतिक नेतृत्वका कारण लागू हुन सकेन । बडाल आयोगको प्रतिवेदन लागू नभएको यही कारण हो । सशस्त्र विद्रोहका क्रममा माओवादीहरूले केही ठाउँमा जमिनदारको जमिन खोसेर किसानलाई वितरण गरेका थिए । तर, शान्ति प्रक्रियामा आएपछि एउटा त अरू दलले यस्तो जमिन जमिनदारलाई फिर्ता गर्नुपर्ने विषयलाई शान्ति प्रक्रियाको सर्त बनाए । अर्कोचाहिँ जेसुकै कारणले भए पनि त्यसलाई माओवादीहरूले पनि छाडे । अब भूमिसुधारले परम्परागत अर्थ गुमाइसकेको छ । त्यसैले कसैले अब पनि भूमिसुधारको कुरा गर्छ भने त्यो भोटको राजनीतिबाहेक केही पनि होइन ।'भूमि, किसान र राज्य’ बीचको सम्बन्ध कस्तो हुँदोरहेछ ? लामो अनुसन्धानपछि तपाईंको निष्कर्ष कस्तो छ ?सामन्तवादी युगमा भूमि राजाको हुने र राजाले जसलाई दियो उसले (जमिनदार या सामन्त) भोग गर्ने उत्पादनको साधन थियो । यस्तो जमिन भोग गरेबापत उसले राजालाई कर तिर्ने, राजाका लागि सैन्य सेवाको बन्दोबस्त मिलाउने काम गर्थ्यो । किसानचाहिँ सामन्तका अर्धदास जस्ता थिए । जमिन एउटाको, कमाउने अर्को हुने, त्यस प्रकारको सम्बन्धलाई सामन्तवादी भूमि सम्बन्ध भनिन्थ्यो । तर, अहिलेको नेपालमा सामन्त र मोही भूमि सम्बन्धको मुख्य प्रवृत्ति होइन ।सामन्तवादी भूमि सम्बन्धका केही अवशेष अवश्य बाँकी छन् तर आजको भूमि सम्बन्ध पुँजीवादी प्रकृतिको छ । बजार भूमि व्यवस्थापनको मुख्य र असली एजेन्सी बन्दै गएको छ । अब भूमि हुने मान्छे सामन्त होइन, पुँजीपति हो र उसकामा काम गर्ने किसान सामान्यतः कृषि मजदुर । कसैले भूमि निश्चित मूल्यमा करार गरेर केही वर्ष कमाएको छ भने ऊ मोही होइन, बरु सानो व्यवस्थापक हो । त्यसैले भूमिमा अब मुख्य प्रवृत्तिका रूपमा सामन्ती भूसम्बन्ध कायम छैन ।भूमि वितरण र उपभोगमा सामन्तवादी युगको जस्तो चरित्र अब रहेन । भूमि हुनु र नहुनुले पहिलेभन्दा भिन्न अर्थ बोक्न थालेको छ । पहाडका गाउँमा जमिन छ, जोतभोग गर्ने किसान छैनन् । पहिले किसानहरू खोस्रने माटोको खोजीमा र जंगल फाँड्न बसाइँ सर्थे । अहिले सहरीकरण र जीविकाको अवसर कृषिमा भन्दा सहरको ज्यालादारीमा प्राप्त हुन थालेपछि घर किन्न नसक्ने श्रमजीवी परिवार राजमार्ग र सहरबजारका छेउछाउमा जमिन ओगटेर बस्न थालेका छन् । उनीहरू किसान होइनन् ।भूमि, किसान र राज्यबीचको सम्बन्ध गतिशील छ र एउटा स्थिर चरित्रका रूपमा यसलाई हेर्न मिल्दैन । कृषिमा आश्रित, तर भूस्वामित्व नभएको किसान राज्यका गलत नीतिको सिकार भएको हो । कृषि गर्ने तर जमिन नहुने पनि राज्यसँग खोस्रने माटो मागेर संघर्षरत छ, स्थायी आवास नभएको तर घर–टहरा बनाएर सार्वजनिक जमिन ओगटेकाले पनि राज्यसँग आवासको अधिकार मागिरहेको छ । यी पक्ष र राज्यबीच संघर्ष छ । आदिवासीको जीवन पद्धति र राज्यका नीतिबीच पनि संघर्ष छ ।यसरी राज्यमा उपलब्ध प्राकृतिक स्रोतको उपयोगको अधिकार क्षेत्र बाँडफाँटको विषय राज्य र किसानबीच पनि संघर्षको विषय बन्दै आएको छ । अहिले जमिनको वस्तुकरण भएकाले यो संघर्षमा बजार तेस्रो पक्षका रूपमा नियन्त्रणको लडाइँमा सामेल भएको छ । यो अन्तरसंघर्ष नै भूमिको विषयमा रहेको संघर्षको चरित्र बनेको देखिन्छ । राज्य पहिले जमिनदारका पक्षमा उभियो, अहिले बजारका पक्षमा उदार र किसानका पक्षमा अनुदार रहँदा किसान जहिले पनि पीडित छन् । राज्य भूमिहीन किसानका पक्षमा हस्तक्षेप गर्न प्रतिबद्ध छैन भन्ने कुराको उदाहरण त भूमि व्यवस्थासम्बन्धी आयोगहरूको विकृत राजनीतिले नै देखाउँछ ।‘जसको जोत, उसको पोत’ भन्ने कम्युनिस्टहरू नै जोत्नेहरूप्रति अनुदार किन भए होलान् ?हो, तपाईंले भन्नुभएजस्तै नेपालका कम्युनिस्ट जोत्नेहरूप्रति अनुदार छन्, जो पहिले ‘जसको जोत, उसको पोत’ भनिहिँड्थे । कम्युनिस्ट पार्टीको नेतृत्वमा मध्यम र धनी किसान परिवारकाहरू नै पुगे । तिनले आफ्नो वर्ग हित हेरे । सत्तामा पुगेपछि तिनको हिमचिम सत्तारूढ वर्गसँग भयो, जसको हातमा जमिन धेरै थियो । सत्तारूढ वर्गसँग सम्झौताको नीति लिएपछि जोताहालाई छाड्दै गए । कम्युनिस्टहरूको वर्ग र विचारको रूपान्तरण नै यसको कारण हो ।भूमिहीन र किसानहरूको कथा–व्यथाले नेपाली समाजको अनुहार कस्तो देखाउँछ ?अहिलेको नेपालमा सबैभन्दा गरिब भनेकै भूमिहीन र गरिब किसान परिवार हुन् । सहरी गरिबको तुलनामा ग्रामीण गरिबको संख्या बढी हुनु या ग्रामीण गरिबीको प्रतिशत बढी हुनुले यसलाई पुष्टि गर्छ । यो अवस्था भूमि वितरणसँग पनि सम्बन्धित छ । जसको जमिन धेरै छ, ऊ गरिब छैन । जमिन कम छ तर किसान पेसामा छ भने ऊ गरिब छ । र, यस्तो गरिबले या त अरूको जमिन कमाउँछ र आफ्नो श्रमको उत्पादकत्वको मूल्य पाइरहेको छैन या ऊ कृषि श्रमिक छ, जसको रोजगारीको निश्चितता छैन ।जमिनको असमान वितरण, रुखोपाखोमा खेती गर्नुपर्ने बाध्यता, जमिनदार या भूमिपतिको जमिन कमाउँदा पनि परम्परागत उत्पादनका औजार र ज्ञान प्रयोग गर्नुपर्ने बाध्यता, कृषि उपजको मूल्य कम र बजारमा प्रतिस्पर्धा गर्न नसकेका कारणले साना किसान तीव्र सीमान्तीकरणमा पर्दै गएका छन् । आजको नेपालको साना किसान राज्यको गलत नीतिको सिकार पनि भएका छन् र बजारको शोषणमा पनि परेका छन्, जसले उसको अनुहार ख्याउटो देखिन्छ ।भूमिसँग जोडेर हेर्दा हाम्रो गरिबीका दुइटा चरित्र छ । एउटा सामन्तवादी भूमि वितरण प्रणालीका प्रभावले पहिले नै जमिनदार या भूमिपति परिवारमा जन्मेकाहरूसँग जमिन धेरै छ । त्यसको उपयोग गरेर उसले पढाइ–लेखाइ पनि उच्चस्तरमा गर्‍यो र जमिनको उपयोग गरेर पनि धन नै जोड्यो । ऊ पुँजीवादी उत्पादनका क्षेत्रमा प्रवेश गरेर पनि धनी भयो किनभने ऊ धनी परिवारमा जन्मेको थियो ।उसैको जमिन कमाउने परिवारको सदस्यले पढ्न सकेनन्, हुर्केपछि फेरि बाबुकै मोही लागेको जमिन बाँडेर कमाए या अर्कोको खेत महँगो सर्तमा कमाउन थाले । ऊसँग खान पुगेर सञ्चित गर्ने अतिरिक्त कमाइ भएन । त्यसैले ऊ गरिब किन भयो भने ऊ गरिब परिवारमा जन्मियो ।यससँगै हामीकहाँ वर्ण व्यवस्थाका कारण दलित हजारौं वर्षदेखि जमिनको स्वामित्वबाट वञ्चित थिए । अहिले पनि आमरूपमा दलित वञ्चितीकरणमै छन्, जसले गर्दा अहिले पनि ऊ परम्परागत थिचोमिचोमा परेर समाजको तहगत संरचनामा सबैभन्दा तल छ । यसका लागि सामन्तवादी भूमि सम्बन्ध एउटा कारणका रूपमा रहेको थियो, जसलाई बजारले थप जटिल बनाइदिएको छ ।भूमि हुने र नहुनेबीचको अहिलेको असली लडाइँ के हो ?कृषि क्षेत्रको मात्रै कुरा गर्ने हो भने भूमि नहुनेको मुख्य संघर्ष भूमिमा स्वामित्व र कमाइ आएको खेतमा श्रम गरेबापत त्यसबाट उत्पादित वस्तुमाथि पूर्ण स्वामित्वको खोजी उसको लडाइँको क्षेत्र हो । भूमिपतिका हकमा ऊ किसान या कृषि श्रमिकको श्रम शोषण गरेर आफ्नो जमिनको पूर्ण उत्पादन हासिल गर्न चाहन्छ । भूमिको स्वामित्व निरन्तर हातमा राखेर किसानको श्रम र एजेन्सी दुवै नियन्त्रण गर्न उद्यत छ । ब्याजे पैसा दिएर, जमिन कमाउन दिएर, मतमाथि नियन्त्रण गरेर अभ्यास गरिन्छ ।कहिल्यै किनारा नभेटेको भूमिसुधारको मुद्दा भविष्यमा कस्तो हुनेछ ?भूमिसुधारको मुद्दा अब वास्तवमा बौद्धिक विमर्शमा बाहेक राजनीतिक कार्यसूचीमा कायम छैन । आवासविहीन, सार्वजनिक पर्ती जमिन ओगटेर बसेका तर जमिनको स्वामित्व नभएका अव्यवस्थित बसोबासी अनि सुकुम्बासी, संविधानको व्यवस्था अनुरूप भूमिहीन दलित परिवारलाई आवासका लागि र ओगटेको जमिनको हकमा कृषिका लागि एक पटक जमिन वितरण गर्ने विषय मात्रै सम्बोधन भए पनि निकै राम्रो हुने थियो ।पहिले नै मोही कायम भएका जमिनमा मोहीलाई उसको हक दिलाउने विषयमा बाहेक भूमिसुधारको विषय नेपाली राजनीतिक डिसकोर्समा अब इतिहासको विषय हो । साम्यवादीहरूको मुख्य मुद्दा भए पनि कतिपय देशमा पुँजीवादीहरूले समेत (नेपालमा त सामन्तले नै) लागू गर्न खोजेको यो कार्यक्रमको अधिग्रो खसिसकेको छ, फेरि गर्भाधानको सम्भावना छैन ।राज्यको भूमि नीतिले किसानलाई सहयोग गरिरहेको छ कि झन् पीडित बनाइरहेको छ ?किसानलाई सहयोग गर्ने भूमि नीति छ जस्तोचाहिँ मलाई लाग्दैन, भएका नीतिले पनि काम गरेको छैन । अहिलेसम्मको भूमि नीति भूमिवालाहरूलाई सहयोग गर्ने खालको मात्र छ । त्यो ठूलो आकारमा खेती गर्न चाहने पुँजीपतिको पक्षमा पनि छैन ।राज्यले के गर्‍यो भने कोही पनि भूमिहीन नरहने अवस्था सिर्जना हुन सक्छ ?सबैलाई भूमिपति बनाउने या कसैलाई पनि भूमिहीन नराख्ने विषय अहिलेको उत्पादन पद्धतिसँग मेल खाँदैन । किसानलाई जोतभोग गर्न जमिन दिने, मोहीका रूपमा भोग गरिरहेको या हाल जोतभोग गरिरहेको जमिन किसानका नाममा गरिदिने र सहरीया सुकुम्बासीलाई आवासको व्यवस्था गर्ने विषयमा मात्रै अब राज्यले जोड दिनुपर्छ । बाँकी काम समुदाय र बजारलाई छाड्नुपर्छ ।"
उज्यालो-अँध्यारो कोलाज,"काठमाडौँ — टिन र रातको झिनो मिलन–काल हो, साँझ । साँझको चित्र न दिनजस्तो उज्यालो हुन्छ, न त रातजस्तो अँध्यारो । यसको रङ अर्धउज्यालो, अर्धअँध्यारो अर्थात् धमिलो–धमिलो हुन्छ । घाम डुब्नु दुई घडी, एक मुहूर्त (४८ मिनेट) अघिदेखि अस्ताउन्जेलको यो अल्पावधिलाई कतिपयले नाडीका भुत्ला हल्का देखिन्जेलको समयका रूपमा पनि अर्थ्याएका छन् ।साँझको सेरोफेरो औधी मनोरम हुन्छ । यतिबेला गाउँको गल्लीमा गाईबस्तु धूलो उडाउँदै गोठमा फर्किन्छन् । घरमा आमाहरू बत्ती बाल्ने तरखरमा हुन्छन् । यही साँझको स्वागतमा कवि हेमप्रभासले सिंगै कवितासंग्रह ल्याए, ‘साँझमा सेल्फी’ । समयको यही अनौठो कालखण्डको छाया–छविलाई उनले कविताको चुली बनाएका छन् ।यो साँझको मात्रै नभएर कविकै स्वचित्र अर्थात् सेल्फ पोर्टेट पनि हो । कविले आफ्नो छायाचित्र आफैंले उतारेका छन् । आफ्नै प्रतिच्छाया आधा उज्यालो र आधा अँध्यारो देखेका छन्, साँझजस्तै । अझ भनौं, कविले साँझको भव्य विम्बमार्फत साँझ, जीवन र कवितालाई एकाकार गरेका छन् । हाम्रो जीवन पनि न पूरै उज्यालोमा बाँचेको छ, न त पूरै अँध्यारोमा । जीवन उज्यालो र अँध्यारोको कोलाज जस्तो छ ।प्रस्तुत कवितासंग्रहको केन्द्रीय कथ्य साँझ छ । तर, यसमा कुनै विशिष्ट घटना वा सिलसिला छैनन् । आम मानिसको आँखामा झिनामसिना देखिने कुरालाई नै कविले काव्यिक कडीका रूपमा बलियोसँग उभ्याएका छन् । फुटकर रूपमा नछापीकन एकैचोटि पुस्तकाकार मालामा आएका यी साँझ–कवितामार्फत कवि हेभप्रभासले कविताको फराकिलो क्षितिज मात्रै देखाएका छैनन्, आफूलाई नेपाली कविताको नवीन मुकाममा पुर्‍याएका छन् ।‘साँझमा सेल्फी’ पाँच खण्डमा छ– साँझको रङ, साँझको स्वरूप, साँझको रेखा, साँझको आकार र साँझको स्पेस । भनौं, अलिकति रंग, स्वरूप, रेखा, आकार र स्पेसको साँझको सुन्दर संयोजन गरेका छन् । प्रत्येक खण्डमा १५–१५ थान कविता समेटिएका छन् । साँझका यी खण्ड जीवनकै प्रतिध्वनि हुन् । कवि साँझको एउटा बिन्दुमा उभिएर रंग आविष्कार गर्छन्, त्यसलाई विशिष्ट स्वरूप दिन्छन् । विभिन्न बांगाटिंगा रेखाहरू कोर्छन् र त्यसलाई आकार दिन्छन् अनि एउटा स्पेसको परिकल्पना गर्छन् । सेल्फी त्यसकै समष्टि हो ।प्रस्तुत संग्रहबाट के पुष्टि हुन्छ भने कवितामा मीतभाषा हुने रहेछ– हृदयको, सपनाको वा आत्माको । कविको अभ्यन्तर नै कविता भएर बोल्दो रहेछ । संसारकै सबैभन्दा नरम र तरल विधा रहेछ, कविता । सुस्तरी–सुस्तरी भन्न सकिने कुरा रहेछ कविता । बहिर्मुखीभन्दा अन्तर्मुखी कुरा रहेछ कविता । हामीले अहिलेसम्म कविता कथ्नै जानेका रहेनछौं । कुनै सूचना वा खबर दिने माध्यम मात्रै ठानेका रहेछौं । कविता गर्जन होइन, कविता स्पन्दन पो रहेछ । कोमलता नै कविताको पदचिह्न रहेछ ।परिवेश चाहे उज्यालो होस्, चाहे अँध्यारो, त्यसमा चिच्याउनु जरुरी रहेनछ । कोलाहलमा केही कर्कश थप्नु मात्रै कविता होइन रहेछ । प्रत्येक पंक्तिमा कवि हेमप्रभास कवितामा नदीले जस्तै सुस्तरी बोल्छन् । बतासको मन्द लहरमा फूलका पत्रहरू जसरी ठोक्किन्छन् र सौम्य धुन सिर्जना गर्छन् । हिमालजस्तै बिस्तारै–बिस्तारै पग्लिन्छन् र चराहरूझैं बिस्तारै–बिस्तारै चिरबिर गर्छन् । कविको कामना छ– म बिस्तारै बोलिरहन सकूँ ।यी कवि एकान्तमा सौन्दर्य देख्छन् । छायासित बातचित गर्छन् । पसिनामा अत्तर भेट्छन् । मान्छेको मन पत्थर हुन सक्दैन भनेर जिकिर गर्छन् । कविको उज्ज्वल निवेदन छ– मान्छे बन्न सकूँ । कलिला बालकको हातमा बन्दुक देखेर कवि विस्मित छन् । उनलाई चिन्ता छ– बन्दुक बोकेको बालकले पातहरूको सुसेली र डोकाहरूको पसिना, नदीहरूको गीत र मान्छेहरूको मन कसरी चिन्ला ?कवि अधिकतम मानवीयताको पक्षमा छन् । प्रेम र प्रकृतिको मधुर गायन गरेका छन्, युद्धको कुरूपता र बीभत्सता देखाएका छन् । यिनी हुंकार कदापि गर्दैनन्, हृदयमा झंकार मात्र दिन्छन् । कवि कविताजस्तै छन् । कविता पनि कविजस्तै । तसर्थ उनका कवितामा कविता मात्रै मगमाएको छ । कवि रमेश क्षितिजले प्रशस्ति लेखेका छन् ः (हेमका कविता) चर्को स्वरमा बाझेको जस्तो होइन बरु युगल जोडीले प्रेमालाप गरेजस्तो छ । मनपर्ने मानिसले कानेखुसी गरेजस्तो छ ।कवितामा प्रयुक्त साँझ, रात, बिहान आदि समयका अनेक रङ हुन् । गाउँ, पहाड र सहर पनि यही भूगोलका हुन् । उनका विम्बहरू प्राकृतिक छन् । नेपालभित्र पनि हुने त्यही हो, नेपालबाहिर पनि हुने त्यही हो । उनका कविताको मेनुमा राष्ट्रिय जीवनका उथलपुथल नभएका होइनन्, तर कति शालीन र सौम्य प्रस्तुति छ भने तिनले भतभती पोल्दैनन्, बरु समयको घाउमा शीतल मलम लगाउँछन् मात्रै ।हेमप्रभास कविताको नाममा समयको फगत रिपोर्टिङ गर्दैनन्, परिपक्व काव्यविन्यास गर्छन् । उनको उक्ति वैचित्र्यबाट पाठकको हृदयमा एक प्रकारको कम्पन पैदा हुन्छ । ‘साँझमा सेल्फी’ स्वचित्र मात्रै होइन, यो स्वप्रेम, स्ववार्ता वा स्वसंवाद पनि हो । उनको काव्यशैली सहज छ । विम्बावलीमा बेग्लै चमक छ । कथ्य एउटै भए पनि भाव र विम्ब दोहोरिएका छैनन् । तिनमा चित्रमय प्रभाव छ । लगभग पेन्टिङ नै हेरेजस्तो ।हेमप्रभासको कविता भाव र अर्थ विशेष छ । उनी कविता अर्थभन्दा पर छन् । अन्तरालभन्दा पर छन् । पञ्चेन्द्रियको सामर्थ्यभन्दा पनि पर छन् । विरलै कविता संगीत र चित्रको उचाइमा पुग्छन् । तर, उनका कविताको सज्जा त्यो स्तरमा छ । उनका असाधारण विम्बहरू स्थानीय नभएर वैश्विक छन् । यिनले विश्वभाषाको पाहुर बोकेका छन् । त्यसैले यी कविता अनुवाद भएर अन्य भाषामा जाँदा पनि उत्तिकै मगमगाउन सक्छन् । यो उच्चकोटिको काव्यकलाले हेमप्रभासलाई विश्व मञ्चमा चिनाउने प्रशस्त आधार तय गरेको छ ।‘पहाड बोकेर पहाडतिर’ (२०६६), ‘सहर पसेको मान्छे’ (२०७०) र ‘गीतैगीतको गाउँ’ (२०७१) का सर्जक हेमप्रभास सातै वर्षपछि सानदार रूपमा कवितामै फर्किए । उपन्यासको उफानमा उनीजस्ता कवि अल्झिरहने सम्भावना हुँदैनथ्यो पनि । उनी अझ सूक्ष्म, सूत्रात्मक र तीव्रतम काव्यानुभूति अनि समय सञ्चेतना लिएर फर्किनु खुसीको कुरा हो । ‘साँझमा सेल्फी’ पढेपछि निर्धक्क के भन्न सकिन्छ भने, हेमप्रभास कविता मात्रै लेखिरहेका छैनन्, कवितालाई समेत जीवन दिइरहेका छन् ।"
नेपालको पहिलो जितको कथा,"काठमाडौँ — पत्रकार हिमेशको हालै प्रकाशित पुस्तक ‘स्वर्णकथाः नेपाली फुटबलको’ ले फुटबल–वृत्तान्त भन्छ । नेपाली खेलकुदबारे कम पुस्तक लेखिएको छ, ठ्याक्कै नेपाली फुटबलबारे मात्रै लेखिएको त पुस्तकै छैन कि ? यसै पुस्तकको एक अंश :सन् १९५४ को विश्वकप फुटबल । स्विट्जरल्यान्डले विश्वकपको त्यस पाँचौं संस्करण आयोजना गरेको थियो । अब्बल दर्जाको फुटबलका लागि त्यो विश्वकपलाई अहिलेसम्म पनि सम्झिने गरिन्छ । त्यसै विश्वकपबाट जर्मनीले अन्तर्राष्ट्रिय फुटबलमा आफ्नो गहिरो छाप छोड्न सुरु गरेको थियो । पश्चिम जर्मनीले जितेको यो पहिलो विश्वकप हो । विश्वकप इतिहासमा सबैभन्दा राम्रो प्रदर्शनको आँकडा भएको टिममा पर्छ, जर्मनी ।त्यति बेला भने पश्चिम जर्मनी । यो सफलताले पूरा जर्मनीमा नयाँ फुटबल संस्कृतिका जन्म भएको थियो । केही वर्ष अगाडि नेपाल आएका पुराना प्रशिक्षक जोन फिगीले भनेका थिए, ‘जर्मनी त्यसै फुटबलमा बलियो भएको होइन, जर्मनीको रगतमा फुटबल बग्ने गर्छ ।’ त्यो दाबीमा गर्व थियो । अहंकार पनि । नेपाली फुटबललाई आधुनिक ढाँचा दिने जस धेरै अर्थमा यिनै जर्मनहरूलाई जान्छ । नेपाली राष्ट्रिय फुटबलले पाएका धेरै विदेशी प्रशिक्षकमध्ये जर्मनहरूको बाक्लो उपस्थिति छ ।अझ विशेषतः सुरुआती दिनका अधिकांश प्रशिक्षक जर्मन नै । यसैमा एक हुन्, फिगी पनि । उनको जन्म सन् १९४७ मा भएको थियो । पश्चिम जर्मनीले जितेको त्यो विश्वकप हुँदा उनी सात वर्षको छेउछाउमा थिए । उनले सायद राम्रोसँग फुटबल बुझेका पनि थिएनन् । तर, त्यो विश्वकपले ल्याएको तहल्काले फिगी आफैं पनि अछुतो रहेनन् । त्यसयता जर्मनीमा तयार भएको फुटबल संस्कृतिमा उनी हुर्केका हुन् । उनले आखिरमा फुटबललाई आफ्नो जीवन बनाए ।खेलाडीका रूपमा उनको गणना कतै हुन्न । सायद औसतभन्दा धेरै तल थिए । तर, प्रशिक्षक राम्रै निस्के । त्यो भन्दा पनि उनी प्रशिक्षकका पनि प्रशिक्षक भने राम्रा बने । खासमा उनी बायर्न म्युनिकका जबरदस्त समर्थक रहेछन् । बायर्नलाई विश्वकै सबैभन्दा राम्रो क्लब पनि मान्छन् । अचेल फिगी फिफा/एएफसी इन्स्ट्रक्टरका रूपमा काम गर्छन् । विभिन्न देश घुमेर फुटबल प्रशिक्षकलाई प्रशिक्षण दिन्छन् । यो काममा उनलाई महारथ प्राप्त छ, भनिन्छ ।फिफा/एएफसी इन्स्ट्रक्टरका रूपमा उनी धेरै अगाडि नेपाल पनि आए । त्यही भूमिकामा सन् २०१६ को अक्टोबरतिर उनी दोहोर्‍याएर नेपाल आए । त्यति बेला उनले नेपालमा तयार भइरहेको नयाँ पुस्ताका प्रशिक्षकलाई प्रशिक्षण दिए । फिफा एमए एलिट कोर्स नाम दिएको त्यस कार्यक्रममा उनले सुरुमै भनेका थिए, ‘म त्यो प्रशिक्षक हुँ, जसले नेपाली फुटबललाई पहिलो सफलता दिलाएको थियो । सन् १९८४ मा नेपालले दक्षिण एसियाली खेलकुदको फुटबलमा स्वर्ण जित्दा प्रशिक्षक म नै त हुँ ।’उनले यो घोषणा गर्दा उही रवाफिलो जर्मन पारा प्रस्ट देखिन्थ्यो । यस्तो घोषणा गर्दा उनी खुबै मज्जा पनि लिइरहेका थिए । त्यो कार्यक्रममा सहभागी हुनेमा बालगोपाल महर्जनदेखि उपेन्द्रमान सिंह र मृगेन्द्र मिश्र पनि थिए । नेपाली फुटबललाई धेरै सघाउनेमा, वास्तवमै तत्कालीन पश्चिम जर्मनी अगाडि पर्छ । सन् नब्बेतिर उसले नेपालमा एक से एक प्रशिक्षक पठाएको थियो । त्यति बेला पश्चिम जर्मनीबाट आएका प्रशिक्षकसामु अहिलेका विदेशी प्रशिक्षक केही पनि होइन, भन्ने धेरै छन् ।विशेषतः त्यति बेलाका पुराना खेलाडीहरू । यस्तै अब्बल दर्जाका एक प्रशिक्षक हुन्, फिगी । सन् १९५४ को विश्वकप प्रसङ्ग किन भन्दा उनी त्यसलाई सन् १९८४ को त्यो पहिलो नेपाली सफलतासँग जोड्न चाहन्छन् । सन् पचासको दशकको सुरुमा विश्व फुटबलमा हंगेरीको दबदबा थियो । हंगेरीबाट फ्रेन्क पुस्कास जस्ता खेलाडी खेल्थे । पुस्कासलाई विश्व फुटबलले पाएका अहिलेसम्मकै सबैभन्दा राम्रा खेलाडीमा गनिन्छ । त्यति बेला हंगेरी वास्तवमै गज्जबको टिम थियो र उसलाई सम्भावित विजेता मानिएको थियो ।हंगेरीलाई त्यति बेला ‘गोल्डेन टिम’ भनिन्थ्यो । सुरुआती चरणमा हंगेरी पश्चिम जर्मनीकै समूहमा थियो । लिग खेलमा हंगेरीले पश्चिम जर्मनीलाई ८–३ ले हरायो । जर्मनीका लागि यो साह्रै नमज्जाको हार थियो । बासेलमा भएको त्यस खेलमा जर्मन प्रशिक्षक सेप हरबर्गरले आफ्ना सबै पहिलो रोजाइका खेलाडी उतारेका थिएनन् । यो उनको रणनीतिकै एक भाग थियो । हंगेरीले लिग चरणको अर्को खेलमा दक्षिण कोरियालाई ९–० ले हराएको थियो ।त्यसयता हंगेरीले फाइनल पुग्न अगाडि ब्राजिल र उरुग्वेलाई हराएको थियो । यसैले अनुमान गर्न सकिन्छ, हंगेरीको टिम कस्तो थियो भनेर । पश्चिम जर्मनी पनि फाइनल पुग्यो । त्यस अगाडि उसले प्ले अफमा टर्कीलाई हरायो । नकआउट चरणमा भने उसले युगोस्लाभिया र अस्ट्रियालाई पन्छाएको थियो । फाइनलमा जब यी दुई टिम भिड्ने भए, सबैले अनुमान गरे, हंगेरीले फेरि अर्को ठूलो अन्तरको जित निकाल्ने भयो । तर होइन, त्यस्तो भएन् ।फाइनलमा जर्मनी ३–२ ले विजयी रह्यो । हंगेरी मात्र होइन, पूरा विश्वकपका लागि यो स्तब्धपूर्ण नतिजा थियो । तर जर्मन प्रशिक्षक हरबर्गरलाई भने फाइनल नतिजा स्वाभाविक लागेको थियो । उनले पहिलो खेलमा कमजोर टिम उतारेर हंगेरीलाई आफ्नो टिमबारे बुझ्ने अवसर नै दिएनन् । जति बेला जर्मनीले फाइनलमा आफ्नो वास्तविक पहिलो रोजाइको टिम उतारेको थियो, त्यति बेला हंगेरीले त्यस टिमलाई वास्तवमै बुझ्न नै सकेन ।खासमा जर्मनीको यो रणनीतिक सफलता थियो । फिगी भन्छन्, ‘नेपालले सन् १९८४ मा फुटबलतर्फ स्वर्ण जित्दा हाम्रो रणनीति पनि उस्तै थियो । मैले त्यही विश्वकपबाट प्रेरणा लिएर नेपाली टिमलाई उतारेको थिएँ र त्यस्तै सफलता पनि प्राप्त गरें ।’ त्यति बेला फुटबलमा चार देशको मात्र सहभागिता रहने भएपछि प्रतिस्पर्धा राउन्ड रोबिन लिगका आधारमा चल्ने भयो । सहभागी टिमका आधारमा नेपाल र बंगलादेशबीच नै प्रतिस्पर्धा चल्ने तय थियो ।सेप्टेम्बर १८ मा भएको पहिलो खेलमा नेपालले माल्दिभ्सलाई ४–० ले हराएर राम्रो सुरुआत लिन सफल रह्यो । त्यही दिन बंगलादेशले पनि भुटानलाई सजिलै २–० ले हरायो । त्यसको भोलिपल्ट नै बंगलादेशले पनि माल्दिभ्सलाई समान ५–० ले हरायो । नेपालले भनेआफ्नो दोस्रो खेलमा भुटानलाई ५–० ले पन्छायो । लगातारको जितले नेपाल र बंगलादेशले स्वर्णका लागि खेल्ने तय भयो । नेपाल र बंगलादेशबीचको लिगको अन्तिम खेलको नतिजा भने फुटबल समर्थकका लागि अनपेक्षित रह्यो ।नेपाल त्यस खेलमा ५–० ले पराजित रह्यो । यो हारलाई लिएर त्यति बेला काठमाडौंमा ठूलो तहल्का मच्चिएको थियो । एन्फा अध्यक्ष रहेका कमल थापालाई पनि यो हार पचेन । यसलाई लिएर उनले प्रशिक्षक फिगीसँग झगडा नै गर्न खोजेका थिए । पछि काठमाडौं आएका बेला यो घटनालाई लिएर उनी आफैं दंग देखिन्थे । उनी भन्थे, ‘बिचरा अध्यक्षले मेरो रणनीतिबारे बुझ्नै सकेनन् ।’ तर प्रतियोगितामा यस नतिजाले केही पनि फरक पारेन ।फाइनल नेपाल तथा बंगलादेशबीच नै हुने तय भयो । खालि कति भने लिग चरणको समाप्तिमा बंगलादेश अंक तालिकाको शीर्ष स्थानमा रह्यो । त्यति बेला एक जितको दुई अंक थियो । बंगलादेशको छ अंक रह्यो । नेपाल चार अंकमै सीमित रह्यो । फाइनल सेप्टेम्बर ९ को त्यो ऐतिहासिक दिनमा भएको थियो । दशरथ रंगशालामा त्यो फाइनल हेर्न कीर्तिमान ३० हजार दर्शक उपस्थित थिए । टिममा डिफेन्सको जिम्मा राजुकाजी शाक्यले पाए ।यसरी नेपाली राष्ट्रिय टिमबाट उनले डेब्युको अवसर पाए । नेपालले पाँचौं मिनेटमा अग्रता लिएको थियो र त्यो बंगलादेशको आत्मघाती गोल थियो । अहमदले बंगलादेशका लागि ३५ औं मिनेटमा बराबरी गोल फर्काए । पहिलो हाफको समाप्तिमा खेल १–१ को रोमाञ्चक बराबरीमा थियो । दोस्रो हाफ सुरु भयएता नेपालले दुई मिनेटको अन्तरमा दुई गोल गरेको थियो र यसले खेल नेपालको पक्षमा मोडिएको थियो । वाईबी घलेले ५१ र सुरेश पन्थीले ५३ औं मिनेटमा गोल गरे ।घलेले नै ६८ औं मिनेटमा आफ्नो दोस्रो तथा टिमको चौथो गोल पनि थपे । यस्तोमा नेपालको जित निश्चित देखिएको थियो । अहमदले ८५ औं मिनेटमा फेरि एक गोल फर्काए । यस्तो फाइनलको नतिजा नेपालको पक्षमा ४–२ रह्यो । नेपालले दक्षिण एसियाली खेलकुदको त्यस संस्करणमा जितेको यो चौथो स्वर्ण पनि थियो । उनी थप्छन्, ‘बंगलादेश नै हाम्रो मुख्य प्रतिद्वन्द्वी थियो । बंगलादेशी खेलाडी भने शारीरिक रूपमा बलिया थिए । अग्ला पनि थिए ।’‘मैले काठमाडौं आएयता बंगलादेशी टिमको खेल हेरेको थिएँ,’ उनी भन्छन् । बंगलादेशविरुद्धको खेल अगाडि नै नेपाल फाइनल पुगिसकेको हुनाले उनले त्यस्तो रणनीति तयार पारे, जसले बंगलादेशी खेलाडी अचम्ममा परुन् । बंगलादेशविरुद्धको अन्तिम लिग खेलमा उनले आफ्ना प्रमुख खेलाडीलाई आराम दिए र रिजर्भ टिम उतारे । त्यो खेल जितेर बंगलादेशी खेलाडी घमण्डी बने । उनीहरूले फाइनललाई हल्का रूपमा लिन सुरु गरे । ठीक यही बेला फिगीले बिछ्याएको जालमा बंगलादेशी टिम फस्यो ।"
मोबाइलमा मग्न मान्छे,"काठमाडौँ — चीनमा जे काम पनि अनलाइनमार्फत वा मोबाइलबाटै हुने ! कतिपय ठाउँमा नगद कारोबार नै नचल्ने रहेछ । क्यूआर कारोबार भर्खर फस्टाउँदै गएको ठाउँका हामीजस्ता पर्यटकलाई चीनको ‘क्यासलेस’, ‘फेसलेस’, ‘पेपरलेस’ सेवा खुब नौलो लाग्ने !प्रविधि र एआई उत्पादनका लागि विख्यात चिनियाँ समाजले तिनै उत्पादनलाई सर्वसाधारणको जीवनस्तर उकास्ने र दैनिक जीवनलाई प्रविधिमैत्री बनाउने काममा भरपूर प्रयोग गरेको प्रस्ट देख्न सकिने रहेछ ।करिब १.४११ अर्ब जनसंख्या रहेको चीनमा मोबाइल इन्टरनेट प्रयोगकर्ताको संख्या १.१ अर्ब अर्थात् ९९.७ प्रतिशत छ । सन् २०१९ मै चीनमा मोबाइल डेटाको पछिल्लो जेनेरेसन ‘फाइभ जी’ सेवा सुरु गरिएकोमा सन् २०२५ को अन्त्यसम्म १ अर्बभन्दा बढीले यो सेवा लिने प्रक्षेपण गरिएको छ । चीन अहिले फाइभ जी–एड्भान्स्ड (फाइभ जी–ए) नेटवर्क विस्तारमा लागिपरेको छ ।चीन विश्वकै ठूलो एप मार्केट हो । त्यहाँ सन् २०२४ मा एप डाउनलोड्स संख्या ११३ अर्ब पुगेको थियो । सबैभन्दा धेरै विच्याट सुपरएप डाउनलोड हुनेमा डिजिटल पेमेन्टका लागि अलिपे लोकप्रिय छ । तेस्रो सबैभन्दा धेरै डाउनलोड हुने एपमा टिकटकको चिनियाँ भर्सन ‘दउइन’ रहेको छ भने टिकटक स्वयं चाहिँ चीनमा प्रतिबन्धित छ । नेपालमा टिकटक बनाउनेहरूजस्तै चीनमा दउइन भिडियो बनाउनेहरू जहीँ–तहीँ नाचिरहेका, स्क्रिनसामु बोलिरहेका देखिन्छन् । नानी–बाबुदेखि वृद्ध बा–आमा दउइनमा मग्न हुने गरेका छन् ।अंग्रेजी वा अन्य भाषा बोल्न खासै नरुचाउने चिनियाँ समाजले आफ्ना कथा भन्न, अनुवाद गर्न, अत्यधिक चाप रहने सार्वजनिक यातायात र आन्तरिक पर्यटकको व्यवस्थापन गर्न, सांस्कृतिक सम्पदालाई दुरुस्त राख्ने लगायतका काममा मोबाइल र डिजिटल प्रविधिको प्रशस्तै प्रयोग गरेको छ । आफ्नो स्थानीय प्रविधि र उत्पादनमा गर्व गर्ने उनीहरू विदेशबाट आयात गरिएका एप्पल लगायतका उत्पादन प्रयोग गरे पनि घरेलु कम्पनीका डिभाइस र प्रविधिलाई सगौरव पर्यटक र साथीभाइसँग ‘इन्डोर्स’ गर्ने रहेछन् ।चिनियाँ मोडल नबुझी चीन जाने पर्यटकलाई भने त्यहाँको इन्टरनेटमा जोडिन महाभारतै हुने ! एप्पलमा त केही सहज रहेछ, अलि पुरानो मोडलका एन्ड्रोइड फोन बोक्नेलाई इन्टरनेट चलाउन लगभग असम्भव देखियो । गुगल, गुगल प्लेस्टोर र गुगलका प्रोडक्ट प्रतिबन्धित भएकाले वाइफाई जोडिए पनि चलाउन मिल्ने एप र ब्राउजर हुँदैनन् । जुन पायो त्यही भीपीएन पनि चल्दैन । 'डिजिटल डिटक्स' चाहनेलाई गज्जबै होला ।चिनियाँ कम्पनी हुवावेले आफ्नै एप मार्केटप्लेस ‘एप ग्यालरी’ बनाएको छ । यो चीनमा लोकप्रिय हुने नै भयो । एआई र सेमिकन्डक्टर चिपजस्ता उत्पादनमा पश्चिमा समाजलाई नै चुनौती दिन कम्मर कसेको चीनले स्मार्टफोनको हार्डवेयर र सफ्टवेयर दुवै क्षेत्रमा गरेको लोभलाग्दो प्रगति चीन घुम्दा झनै प्रस्ट देख्न पाइने रहेछ । सन् २०२४ मा झन्डै ५ करोड फोन बेचेको भिभो, साढे चार करोड आसपास फोन बेचेका हुवावे, अप्पो, अनरजस्ता कम्पनीले विश्वव्यापी रूपमै एप्पलको बजार खुम्च्याउँदै लगेका छन् ।जे होस्, डिजिटल गभर्नेन्सका नाममा अनलाइनबाट फर्म प्रिन्ट गरेर झ्याल–झ्यालमा लाइन बस्नुपर्ने, एउटै कार्यालयले इस्यु गरेका कागजात सोही कार्यालयको अर्को विभागले रूजु गर्नुपर्ने, ल्याप्चे लगाउँदै हिँड्नुपर्ने, चाहिएका बेला सर्भर कहिल्यै नचल्ने र अलिकति प्रयासमा घरैबाट गर्न सकिने कामका लागि ४ वटा ढोकामा नमस्ते गर्नुपर्ने समाजबाट गएको मलाई डिजिटल प्रविधि त यस्तो पो रहेछ भन्ने अनुभूति चिनियाँ समाजले एक हप्ताको बसाइमा गरायो ।"
टोरन्टोबाट सगरमाथासम्म,"नेपाल राम्रो कि क्यानडा ? टोरन्टो बसाइका ९ वर्षमा मैले धेरैलाई सोधेको र उनीहरूले पनि जवाफ चाहेको प्रश्न सायद यही हो । व्यक्ति, अवस्था र सन्दर्भअनुसार शब्द यताउता भए पनि जवाफको सार एउटै हुन्थ्यो, ‘घाम र जून दुवै सुन्दर छन्– समय र परिस्थितिअनुसार फरक उज्यालो दिन्छन् ।’नेपाल जरा हो, क्यानडा हावा भन्ने मलाई थाहा थियो । जरा बलियो भए हावामा जति पनि वेग हान्न सकिन्छ पनि भनियो । अनि यो पनि ज्ञान थियो– ब्याक होम भनेको मायाको गीत हो, कर्मभूमिचाहिँ अवसरको संगीत । दुबैसँग राम्रो तालमेल गर्न सके जीवनको सांगीतिक धुन कर्णप्रिय हुन्छसमेत भनियो ।‘नेपालको के धेरै मिस हुन्छ ?,’ यो चाहिँ मलाई कमै सोधिएको प्रश्न हो । किनकि, यसको जवाफ पहिल्यै अड्कल हुन्छ– दालभात, दसैंतिहार, दाजुभाइ वा दिदीबहिनी । तर, ज–जसले सोधे उनीहरूले फरक सुने, ‘हिमाल/पहाड ।’ हो, सन् २०१६ देखि ढुक्कै बस्दासमेत राम्रो दिशाबोध नभएपछि हिमाल/पहाड प्यारा भएका हुन् ।कहिल्यै कम्पास नहेरेको मान्छे टोरन्टो आएपछि दिशा पत्ता लगाउन नसकेर भौतारिएका दर्जनौं भोगाइ छन् । गुगल म्यापको दिशानिर्देश सही होला, तर बुझाइ गलत हुँदा गन्तव्य नै फरक परेका उत्तिकै अनुभव छन् । ती सबैको नतिजा– गन्तव्य पुग्न ढिला हुन्थ्यो । कहिले त अन्तै पुगिन्थ्यो । यो मजस्ता थुप्रै अधबैंसे आप्रवासीको साझा कथा हो । सुरुवाती वर्षका सबैजसो अपोइन्टमेन्टमा हस्याङफस्याङ गर्दै ढिलो पुग्ने कारण एउटै हुन्थ्यो– बाटो अल्मलिनु अर्थात् दिशाबोध नहुनु । क्रिकेट म्याच हेर्न जाँदा होस् वा इन्दिरा जोशीको कन्सर्ट– ढिलोको ढिलै भइयो । कारण उही– टोरन्टो क्षेत्रमा नेपालमा झैं दिशाबोध गराउने हिमाल/पहाड छैनन् ।नेपालमा उत्तर फर्किनु भनेको हिमाल/पहाड देख्नु हो । केचनामा उभियौं वा कैलालीमा गुडौं, उत्तरतिर हेर्दा हिमाल/पहाड हर्जा हुँदैनन् । अनि बाटो सोध्दा ‘त्यो पहाड काटेपछि पुगिन्छ’ भन्ने सुनेर हुर्किएको । यता कसैलाई सोधिहाले भन्छन््, ‘जीपीएस फलो हेर्नुस् ।’ प्राकृतिक जीपीएस बनेका नेपाली हिमाल/पहाड त्यसैले झन् मिस भए । आकाशलाई हिमाल/पहाडको फ्रेमबाट हेर्ने बानी परेको मलाई टोरन्टोको आकाशै अनौठो लाग्यो– रित्तो, बेनाम र बेसरो । प्रकाश र वायु प्रदूषणले तारा नदेखिने पाटो त अलग्गै छँदै छ । टोरन्टोमा सबैभन्दा अग्लो ठाउँ खोज्दा सीएन टावर मात्रै भेटियो । दुईपल्ट चढ्दा पनि त्यसले नेपाली हिमाल/पहाडको तिर्सना मेटाउन सकेन ।म जन्मे/हुर्केको इलामबाट देखिने क्षितिज प्राकृतिक थियो, जहाँ आकाश र धर्तीको संगम हुन्थ्यो । टोरन्टो क्षेत्रको क्षितिज कृत्रिम छ, जहाँ आकाशसँग हाइराइज विल्डिङ जोडिएको अनुभूति हुन्छ । क्षितिजै फरक देखिएपछि हिमाल/पहाड नभएको सहरमा छु भनेर सान्त्वना दिँदासमेत आँखाले कुइभीर र पाथीभरै खोजिरहे, कञ्चनजंघा र कुम्भकर्ण नै चाहिरहे ।देखिने सबै भू–भाग समथर रहेको टोरन्टो क्षेत्रमा दिशा हराउने क्रम नरोकिएपछि मैले गत वर्ष पहाड मात्रै होइन, हिमालकै काखमा पुग्ने अठोट गरें । ५००० मिटर माथिका माउन्ट लोगन र लुकानियासहित दुई दर्जन हिमाल क्यानडामै भए पनि तिनले आकर्षित गरेनन् । टोरन्टोबाट त्यहाँ पुग्ने दूरी र खर्च पनि कम थिएनन् ।सामुद्रिक सतहदेखि ११३ मिटर मात्रै उचाइमा पर्ने टोरन्टोदेखि ५,३६४ मिटरमाथिको सगरमाथा आधार शिविर पुग्ने योजना बनाएँ । महिना थियो– अक्टोबर । मौका थियो– दसैं तिहार । अनि, पदमार्गमा कतै दुई रात नबिताई गन्तव्य पुग्ने निधो गरें । कुनै समयको क्रोनिक अल्कोहोलिक मैले मदिरा छाडेको १२ वर्ष पुग्नै लाग्दा यो ‘सेल्फ च्यालेन्ज’ रोजेको थिएँ ।काठमाडौंमा तीन दिन पर्खिंदा पनि खराब मौसमले लुक्ला उड्न सकिएन । बोलेरो रिजर्भ गरेर फाप्लु पुगें । विदेशी पर्यटक बोकेको पिकअपमा खाँदिएर जुभिङ ओर्लिएँ । अनि, पिकअपमै झुन्डिएर थामडाँडा पुगें । खुम्बु क्षेत्रको पहिलो रात फाप्लुमा र दोस्रो पइयाँमा बिताइयो । थामडाँडादेखि साथमा थिए– पोर्टर र गाइड दुबै भूमिका निर्वाह गर्न तत्पर टेक तामाङ ।पइयाँदेखि नाम्चेको लक्ष्य राखेर पहिलो दिनको पदयात्रा सुरु गरियो । यो खुम्बु क्षेत्रमा मैले गरिरहेको पहिलो पदयात्रा थियो । बिग्रिएको मौसम खुल्दै जाँदा आकाशमा हेलिकोप्टर हुइँकिन थालेको देखियो । सुर्केदेखि चौंरीखर्क, छेप्लुङ, घाट हुँदै फाक्दिङ पुगियो । ढुंगा बिछ्याएको पदमार्गमा ओरालो/उकालो हिँड्दै जाँदा खुट्टा दुख्ने क्रम सुरु भइसकेको थियो ।फाक्दिङमा दालभात खाएर टोकटोक, बेन्कार हुँदै मोन्जो पुगियो । दूरीका हिसाबले पहिलो दिनको पदयात्रा नै २१ किलोमिटरभन्दा लामो थियो । मोन्जोको ‘नमस्ते लज’ मा नुहाइधुवाइ गरेर दालभात खाँदा निद्रा लाग्न थालिसकेको थियो । बिहान उठ्दा खुट्टा दुखेकै थिए, रुघा पनि थपिएको थियो । तैपनि, सिमसिमे पानीमा प्लास्टिकले झोला बेरेर नाम्चेतर्फ लम्कियौं ।सगरमाथा नेसनल पार्कको चेक पोइन्टमा इन्ट्री गरेर जोरसल्लेतिर लाग्दा पानी रोकियो । आधार शिविरतिरबाट फर्किरहेका पर्यटक, उनीहरूका सारथि बनेका पोर्टर र गाइड अनि भारी लिन झरिरहेका घोडा र खच्चड पदमार्गभरि देखियो । हिलारी पुल तरेर भ्यु पोइन्ट पुग्दा ‘रेशम फिरिरि...’ गाउँदै नाचगान गरिरहेका पर्यटकको एक हूल भेटियो ।खुम्बु क्षेत्रको सबैभन्दा ठूलो बजार नाम्चेमा पाइला टेक्दा अपराह्न १२ बज्दै थियो । पासाङग्याल्जेन शेर्पाले सञ्चालन गर्ने ‘खुम्बु लज’ मा झोला थन्क्याएर लन्च गरियो । केहीबेरमा मास्तिर उक्लिएर स्याङ्बोचे, सगरमाथा नेक्स्ट हुँदै ‘होटल एभरेस्ट भ्यु’ सम्मै पुगियो । फर्किंदा साँझको नाम्चे मध्यबजारका छ्योर्तेनबाट गुञ्जिएको ‘ओम मणि पद्य्मे हुँ...’ मा मग्न थियो ।भोलिपल्ट बिहान तेङ्बोचेतर्फ तेर्सो लाग्ने सुरसार गर्दा नाम्चे घमाइलो थियो । पूर्वतिर थामसेर्कुे मुस्कुराएको थियो । पश्चिममा कोङ्दे र खुम्बिला हिमाल हाँसेका थिए । डिङ्जुङ, डोले, फोर्छे हुँदै तेङ्बोचे पुग्दा बास पाइएन । भएका तीनटै लज प्याक थिए । दूरी पनि छोट्याउने र बास पनि भेट्टाउने योजनासहित फेरि अघि बढियो । त्यो रातको बास मिलिङ्गोमा भयो ।अर्को बिहान इम्जा खोलालाई देब्रेतिर पारेर अघि बढ्दै गर्दा रुख/बुट्यान देखिन कम भयो । प्रत्येक ५/१० मिनेटमा पर्यटक ल्याउने/प्रयोजनका हेलिकोप्टर हुइँकिएको देखियो । दुःखाइ कम गर्ने औषधिले पनि खुट्टाको पीडा पूरै निको भएको थिएन । रुघाको पीडा कायमै थियो । शरीर पूरै फिट नभए पनि आधार शिविर नपुगी नछोड्ने हुटहुटी तीव्र थियो ।आमादब्लम हिमालतिर जाने बाटो छुट्टिने पाङ्बोचे पुग्दा बिहानको १० बज्यो । त्यहाँ ब्ल्याक कफी पिइयो । घमाइलो दिन हुनुको फाइदा– जुन एंगलबाट जेको जसरी खिचे पनि तस्बिर सुन्दर आयो । सोमारेमा टन्न दालभात खाइयो । सुस्तरी अघि बढ्दा दिउँसै दिङ्बोचे पुगियो । त्यहाँ ‘ब्राइट स्टार लज’ मा बसियो । हिमाली क्षेत्रमा पुग्नुको खास अनुभूति गरियो ।भोलिपल्ट लोबुचेतिर लम्किँदा दिङ्बोचे तल पर्दै गयो । पूर्वतिर ६, ८१२ मिटरको आमादब्लम हिमाल दोब्बरझैं अग्लिएको र टल्किएको महसुस हुन्थ्यो । पश्चिम दक्षिणतिर टोबुचे, चोलात्से र महालङ्गुर हिमाल टल्किएका थिए । दूधकोशी किनारको फेरिचे लमतन्न थियो । जता हेर्‍यो उतै सुन्दर देखिने त्यो घमाइलो दिउँसो दुघ्ला पुगेको पत्तै भएन ।चुक्पी ल्हारामा सगरमाथा मेमोरियल पार्क भेटियो । खुम्बु क्षेत्रका हिमाल आरोहण गर्नेक्रममा ज्यान गुमाएका थुप्रै पर्वतारोहीको नाम देख्दा दुःख लाग्यो । घाम हराएर मौसम ढुस्सिएको थियो । जति अघि बढ्यो, जीउ उति भारी हुँदैथ्यो । लोबुचे पुग्ने बेला २०२३ अक्टोबरमा हेलिकोप्टर दुर्घटना भएको ठाउँ भेटियो । पाइलट प्रकाश सेढाईंको उपचारक्रममा मृत्यु भएको थियो ।लोबुचेको ‘शेर्पा लज’ मा मुस्किलले बास पाइयो । भोक नलागे पनि मसरुम सुप र पप–कर्न खाइयो । बेलुका जसोतसो दालभात निलेपछि ओछ्यानतिर लागियो । रातिबाटै अस्वस्थ महसुस भइरहेको थियो । बिहान त्यो क्रम बढ्यो । पानीसमेत निल्न मन लागेन । ट्वाइलेट जाँदा दिसा नआउने, नजाँदा छटपटी हुने भयो । मेरो अवस्था देखेर सहयोगी टेक तामाङ रनभुल्ल भए ।बिहान लोबुचेमा बसेका सबै पदयात्री आधार शिविरतर्फ बाटो लाग्दा म आलसतालस थिएँ । भएको के हो भन्ने नै यकिन थिएन । खुट्टा दुख्ने र रुघा लाग्ने समस्या छँदैथ्यो । त्यसमाथि फेरि शरीरै अनौठो लाग्दैथ्यो । पानी र चियासमेत पिउन नसक्ने स्थिति भयो । १० बज्दै गर्दा टेकले निर्णय सुनाए, ‘तपाईंलाई अल्टिट्युड सिक्नेस भयो, अब उकालो होइन ओरालो झर्ने ।’हिमालमा खेलाँची गर्नहुन्न भन्ने बुझेको थिएँ । अस्वस्थ भएर जबर्जस्ती उकालो लाग्न खोज्नु मूर्खता हो भन्ने नि बुझेकै थिएँ । तर, गोरक्सेप अर्थात् आधार शिविर पुग्ने दिन नै यस्तो लुलो भइएला भन्ने थिएन । १२,००० किलोमिटर टाढाको टोरन्टोदेखि आएर फटाफट लोबुचेसम्म आइपुगेको मान्छे ! अन्तिम दिन उकालो नगई फेरिचेतिर ओरालो झर्नुपर्ला भन्ने कल्पनै थिएन ।‘जे पर्ला पर्ला, म उकालै चढ्ने हो,’ पिएको दुई कप पानी र चाउचाउ सबै बान्ता भएपछि मैले निर्णय सुनाएँ, ‘अन्तिममा हार मान्दिनँ, बेसक्याम्प त पुगेरै छोड्ने हो ।’ टेकले ट्वाल्ल हेरिरहे । शेर्पा लजकी साहुनीले पनि केही भनिनन् । बिहानको साढे ११ बज्दै गर्दा मेरो ब्याग–प्याक गर्न नि टेकलाई नै जिम्मा लगाएँ । एउटा गोप्रो, गिम्बल र मोबाइल मात्रै बोकेर उनलाई पछ्याएँ ।प्रत्येक १० मिनेटमा उभिँदै, अर्को १० मिनेटमा बस्दै अन्ततः त्यो अपराह्न गोरक्सेप पुगेरै छोडें । लोबुचेमै ढिलो नभएको भए त्यसै दिन आधार शिविर पुगिने थियो । गोरक्सेप पुग्नासाथ सरकारी मेडिकल पसें । त्यहाँ कार्यरत डाक्टर सुनील बानियाँले सबै चेक गरेपछि निष्कर्ष सुनाए– ‘तपाईंलाई लेक लागेको होइन, फुड पोइजन भएको हो ।’ म तीन छक्क परें ।‘स्नोल्यान्ड हाइएस्ट इन’ औषधि बोकेर पस्दा साहुनी डराइन् । ‘बिरामी भईभई हिमालमा हत्ते गर्ने होइन, ओरालो झर्ने हो,’ उनले भनिन्, ‘भरे केही भयो भने यहाँ अप्ठ्यारो हुन्छ ।’ उनी सही थिइन्, तर म पनि गलत थिइनँ । बल्लबल्ल रहरको गन्तव्य टेक्न लाग्दा फर्किने कुरा सोच्न सक्दिनथें । पक्कै पुग्छु भन्ने हिम्मतले लोबुचेबाट गोरक्सेप उक्लिएको थिएँ । कष्ट भने धेरै थियो । गोरक्सेपमा त्यो रात म ११ पल्ट ट्वाइलेट गएँ । तीन थर्मस पानी पिएँ । कोठा थियो माथिल्लो तलामा, ट्वाइलेट भुइँतलामा । बान्ता र पखाला निरन्तर चलिरह्यो– रातैभर । सगरमाथा, ल्होत्से, नुप्त्से, पुमोरी आदि हिमालको काखमा अवस्थित गोरक्सेप सगरमाथा पदमार्गको अन्तिम बिसौनी ! तापक्रम सधैंजसो माइनसको माइनसै । बिहानीपख सायद दुई घण्टा जति निदाएँ ।‘अब टन्न ब्रेकफास्ट गरेर बेसक्याम्प लाग्ने हो,’ बिहान टेकलाई झक्झक्याएँ, ‘आज त हाम्रो बडा दिन हो ।’ नभन्दै भोक नभए नि टन्न खाएर हामी तेर्सो लाग्यौं । अढाई घण्टामा आधार शिविर पुग्यौं । करिब एक घण्टा त्यहाँ फोटो खिच्यौं । अरू पर्यटकलाई नियाल्यौं । गोरक्सेप फर्केर लन्च गरेपछि फेरि कालापत्थर उक्लियौं । फर्केर दिउँसो ४ बजेतिर ‘स्नोल्यान्ड’ मै ल्यान्ड भयौं ।‘हिजोको हालत देख्दा त पत्याएकी थिइनँ,’ साहुनी मतिर हेर्दै मुस्कुराइन्, ‘तपाईंले हिम्मत नहार्दा चिताएको ठाउँ पुगेरै छोड्नुभो ।’ शरीर हुइपा भए पनि इच्छाशक्ति उच्च हुँदा बेसक्याम्प र कालापत्थर दुबै पुग्न सफल भएको खुसीले म पनि फुरुङ्गै थिएँ । औषधि र खानेकुरा दुबै पेल्दै थिएँ । गोक्यो लेकतिर जाने योजना भने रद्द गरेर दोस्रो रात पनि गोरक्सेपमै बिताइयो ।लुलिएका खुट्टाले लुक्ला झर्न आँट दिएनन् । उनै डाक्टर सुनीललाई भेटें । उनले फेरि चेक गरेर औषधि थपिदिए । पूरै ठीक नभएको निर्क्यौल गर्दै हेलिकोप्टरमै भए पनि ओरालो झर्न सुझाए । यो पदयात्रामा सुरुबाटै सहयोग गर्ने मित्र चक्र कार्कीमार्फत् हेलिकोप्टर मगाएँ । म र टेकलाई बोकेर दूधकोशी माथिमाथि उडेको हेलिकोप्टर ११ मिनेटमै लुक्लामा ल्यान्ड भयो ।त्यो रात लुक्लामै रहन बाध्य भइयो । एयरपोर्ट नजिकैको ‘प्याराडाइज लज’ मा बसें । भोलिपल्ट अर्थात् ११ औं दिन काठमाडौं फर्किएँ । त्यहाँ सामान्य औषधोपचार गरेपछितङ्ग्रिएँ । शरीर कमजोर भए पनि मन एकदमै दह्रो भएको थियो । खुसी हुने कारण– टोरन्टोदेखि जे योजना लिएर खुम्बु क्षेत्र पुगेको थिएँ, आखिर त्यो पूरा गरेरै छोडेको थिएँ । हार मानेको थिइनँ ।‘अब टोरन्टोमा हराएको दिशा भेट्नु होला,’ साहित्यकार अमर न्यौपानेले फुर्क्याए, ‘चुचुरो चुम्नु मात्रै सफलता नमानौं, सगरमाथाको काखमा पुग्नु नि चानचुने होइन ।’ मलाई पनि १२ दिनसम्म हिमाल/पहाडसँग हुनु र मदिरा छोडेको १२ वर्षपछि त्यहाँ पुग्नुले नै धेरै खुसी दियो । सगरमाथा आरोहीले हिँड्ने बाटो पनि त्यही त हो, जुन हिँडिराखे के थाहा– भविष्यमा चुचुरै चुम्ने पो चाहना होला कि !"
२६०० वर्ष पुरानो पितृसत्ताको जरा,"काठमाडौँ — बुद्धत्वको खोजीमा सिद्धार्थले दरबार त्यागे। भूमिले स्वतन्त्रताका लागि ‘समाज’ लाई परै छाडी। सागर पत्नी छाड्दै छ। र, शान्तिको खोजीमा आइपुगेको छ– बुद्ध जन्मस्थल लुम्बिनी।हरेक मान्छे कुनै न कुनै संकटबाट गुज्रिरहेको छ। पारिवारिक, सामाजिक वा राज्यले निर्माण गरिदिएको संकट ! भूमिलाई ‘पहिचान’ को संकट छ, सागरलाई सम्बन्धको । शिल्पी थिएटरमा जारी नाटक ‘लस्ट एन्ड फाउन्ड’ ले बुद्धकालीन समाजको पूर्वपीठिकामा वर्तमानको जटिलता चियाएको छ, जहाँ पात्रहरू आफैलाई खोज्न भौँतारिइरहेका छन् ।इतिहास–वर्तमानको दशगजामा उभिएर भूमिले यशोधरा र आमा रजनीको कथा मात्रै भनिरहेकी छैन, अनागरिकको छटपटी र आक्रोश ओकलिरहेकी छे । एकल आमाले जन्म दिई हुर्काएका कैयौँ सन्तान नागरिकताविहीन छन्, उच्च शिक्षा पढ्न पाएका छैनन् र जागिरबाट वञ्चित हुनुपरेको छ ।नाटकको सुरुवात क्याफे प्लस बारको दृश्यबाट सुरु हुन्छ, जहाँ पारिवारिक विघटनको संघारबाट भागेर शान्तिको खोजीमा क्यानडादेखि नेपाल आएको सागर छ, अनि टुरिस्ट गाइड भूमि । पहिलो भेटमै अन्तरङ्ग कुराकानी गर्न सक्ने उनीहरूको विगत पनि खुल्दै जान्छ ।वैवाहिक जीवनप्रति असन्तुष्ट सागर अनि पारिवारिक जटिलतामा गुज्रिएकी भूमिबीचका तर्क–वितर्कले सम्बन्ध र समाजको धेरै आयाम खोतल्छ । बुद्धको जीवन र दर्शनबारे बहस हुन्छ । दुःख सत्य, समुदाय सत्य, निरोध सत्य र दुःख निरोध–मार्ग सत्यजस्ता बुद्ध दर्शनका आधारभूत चार आर्य सत्यलाई आधार बनाइएको नाटकमा पात्रहरूको भावनात्मक/मनोवैज्ञानिक ऐँठन महसुस गर्न सकिन्छ ।वर्तमान त देखिने/भोगिने कथा भइहाल्यो । नाटकको पूर्वकथाले भने सोचमग्न बनाउँछ । सागर–भूमिका कुरा सुन्दा सुन्दै हामी एकाएक २६०० वर्षअगाडि पुग्छौँ । यशोधरा र सिद्धार्थबीचको अन्तर्द्वन्द्व, सन्तान प्राप्तिका लागि दरबारको दबाब, अनागरिक हुनुको पीडा र एकल आमाका सन्तानप्रति राज्यले गर्ने विभेद लगायतका विषयमा कथा घुमेको छ ।बुद्धलाई अनेक कोणबाट पढ्यौँ, बुझ्यौँ र चिन्तन गर्‍यौँ । लेखक/निर्देशक घिमिरे युवराजले नाटकमा लैङ्गिक समानतावादी कोणबाट यशोधरालाई पुनर्व्याख्या गरेका छन् । उनको यो विनिर्माण–कला सशक्त र प्रभावी लाग्छ । १३ वर्षसम्म सन्तान प्राप्ति नहुँदाको मानस–दबाब अनि सिद्धार्थले छाडिगएका उजाड दिनमा कसरी गुज्रिइन् होला यशोधरा ? तर, नाटकमा यशोधरा अकिञ्चन छैनन् । न उनमा हतासा देखिन्छ, न त कुनै चिन्ता । ‘छाडेर तिमीले जान लागेका हौ सिद्धार्थ, म किन दुःखी हुनु ?’ घिमिरेले यशोधरालाई आत्मविश्वासी र निडर देखाएका छन् ।‘हरेक पुरुषलाई ऊ हुनुको महत्त्व बताइराख्नुपर्छ । उसले गरेको पुरुषार्थ र कर्मको प्रशंसा गरिरहनुपर्छ । तर, हामी त काम र योगदानको हिसाब–किताब नगरी जिन्दगी बिताइदिन्छौँ,’ यशोधरा सिद्धार्थका आँखामा आँखा जुधाएर भन्छिन्, ‘हामी भएर पनि देखिँदैनौ । बोलेर पनि सुनिँदैनौँ । तिमी गएपछि मलाई कसैले देख्नेछैन । मलाई तिम्रो छोराकी आमाको रूपमा मात्रै चिन्नेछन् । यस्तो डरलाग्दो पितृ सत्तामा बाउले नस्वीकारेको सन्तानको अस्तित्व कमजोर हुनेछ । यो सन्तानलाई नाम त दिउँला, तर मलाई डर छ– तिमीपछि उसको अस्तित्व विलीन हुनेछ ।’यता भूमिलाई समाज, राज्य र कुनै बन्धनको डर छैन । तर, ऊभित्र अनागरिक हुनुको आक्रोशसँगै लडाइँ पनि जारी छ । यशोधराबाट साहस जुटाउँदै आमा रजनीको प्रेम सँगालेर पाइला चालिरहेकी छे ऊ । थाहा छैन भूमिलाई बाबु को हो ? तर, ‘स्व’ को खोजीमा रहेकी ऊ अनेक अभाव र रिक्तताबीच पनि आफ्नै स्वप्निल संसार खडा गर्न चाहन्छे । पुरुष र प्रेममा उसलाई रत्तिभर विश्वास छैन, तर आमा ठूलो विश्वास हो । एकै राज्यका मानिसलाई नागरिक र अनागरिक बनाउने षड्यन्त्र उसलाई ठिक लागिरहेको छैन । भूमि कथित सिमाना भत्काउन चाहन्छे र गाउँछे जोन लेननको गीत—इम्याजिन देयर इज नो कन्ट्रिज्...।संकटको जोखिमले पहिचानको खोजी तीव्र निम्त्याउने रहेछ । सागर विदेशमा कैयौँ वर्ष बस्यो, तर पारिवारिक संकटपछि ऊ नेपाल फर्किएको छ । ऊ पछुतोमा छ, यत्तिका वर्ष बुद्ध जन्मभूमि नआएकामा । ऊ आफ्नो माटोको कुरा गर्छ, चाडबाड र संस्कृतिले उसलाई तानेको छ ।भावनात्मक पीडाले यी दुवै पात्रलाई कोतरिरहेको छ, बुद्ध दर्शनमा टेकेर यसलाई हामी दुःखको हिस्साका रूपमा हेर्न सक्छौँ । त्यसैले त अर्को दुःख निरोध मार्गको यात्रामा उनीहरू अघि बढ्न चाहिरहेका छन् । जीवनको असन्तुष्टि र बेचैनीबाट शान्ति र मुक्तिको खोज उनीहरूको उद्देश्य बनेको छ ।भूमि बाठी छे । जीवनका गहिरा प्रश्नमा घोत्लिने ऊ आध्यात्मिकताबारे चासो राख्छे । सागरको अशान्त मनलाई दिशा बोध गराउन एक हदसम्म ऊ सहायक बनेकी छे । सागर अध्यात्मको यात्रामा छ भने भूमि भौतिकवादी ।‘तीन-तीनवटा बुद्ध यहीँ जन्मेका रहेछन्, बुद्ध वाज बर्न इन इन्डिया रे,’ सागरमा राष्ट्रवादको रगत तात्छ । बुद्ध भूमिको माटो लगेर हरेक बिहान टीका लगाउनेसम्म कुरा गर्छ । तर, भूमि बेवास्ता गरिदिन्छे । ‘बुद्धलाई नागरिकता दिनु आवश्यक छैन । सीता न लवकुशलाई नागरिकता चाहिएको छ,’ ऊ अझ चर्को बोल्छे, ‘यही भूमिमा जन्मिएका कैयौँ युवालाई नागरिकता चाहिएको छ, जसलाई राजनीति र कानुनले अनागरिक बनाएको छ ।’राज्य त आम नागरिकको समूह हो । तर, किन त्यही राज्यले आफ्नै देशभित्र जन्मिएका मानिसलाई अनागरिक करार गर्न सक्छ ? के कानुन निर्माण गर्ने विधायकहरूले सुन्लान् भूमिको आवाज ?उसलाई त बुद्धलाई भगवान् बनाएको मन परेको छैन । भन्छे, ‘शाक्यमुनि बुद्धले मान्छेको ईश्वरप्रतिका अन्धविश्वास र अज्ञानता चिरे, तर मान्छेले अनिश्वरवादी बुद्धलाई ईश्वर बनाइदिए ।’बुद्ध भूमिमा किन बगिरहन्छ रगत ? लुम्बिनी वरिपरिकै बस्ती किन अशान्त छ ? यहाँका अधिकांश बालबालिका नै स्कुल पुग्न सक्दैनन् भने कसरी बुद्ध भूमिमा ज्ञानको ज्योति बल्छ ? यही देशमा किन नेताहरूका अनेक भ्रष्टाचार काण्ड बाहिरिइरहेका छन् ? ‘लस्ट एन्ड फाउन्ड’ प्रश्न हराएको समयमा प्रश्नको खोजी पनि हो ।वेट्रेस सुजाताको श्रीमान् जेलमा छ । ऊ सानी छोरी बोकेर गाउन थाल्छे—एउटा अवैध सपना छ मसँगसपना रोएको कहिल्यै सुनेका छौ ?के कलिली आमाले गाएको गीत सुनेका छौ ?जसको काखमा एउटा कलिलै सपना छजो कोही आई सोध्छ– यसको नाउँ के हो ?छोरीलाई नाम दिन नसकेकी सुजातालाई भूमि आँट भरिदिन्छे, ‘तिमी नै हौ उसको क्रिएटर । जन्मदाता, ईश्वर । तिमीबाहेक कसैसँग छैन उसको नाम राख्ने अधिकार । जसरी मेरी आमाले राखिदिइन् मेरो नाम । उनैले सिकाइन् मलाई सपना देख्न । यो जमिनमा बलियोसँग टेक्न ।’भूमि आमा र यशोधराको मनोदशामा चेपिएकी छे । ऊ बेलाबेला काँप्दै बक्न थाल्छे अतीत र आफूलाई विरेचनको तहमा पुर्‍याएर शान्त हुन्छे । ‘मल्टिपल पर्सनालिटी डिसर्डर’ उसका लागि समस्या होइन अतीत कहने माध्यम पनि बनेको छ ।भूमि या यशोधरा शक्तिशाली, वाचाल र आत्मविश्वासी लाग्छन् । चरित्रमा तीन तहको मिश्रण गर्न निर्देशकको निकै मेहनत देखिन्छ । फ्ल्यासब्याक र चरित्रको ‘ट्रान्सफर्मेसन’ यति सहजै गरिएको छ कि कुनै रिक्तता महसुस हुँदैन । छरितो सेट डिजाइनले मञ्च सुन्दर बनेको छ । मल्टिमिडियामार्फत पृष्ठभागमा लुम्बिनीका दृश्य र अंग्रेजी सबटाइटलले नाटकलाई प्रयोगधर्मी बनाएको छ ।मौलिक नाटकको खडेरी परेको नेपाली रंगमञ्चमा ‘लस्ट एन्ड फाउन्ड’ महत्त्वपूर्ण कृति बन्नेछ । पुस्तकका रूपमा समेत आउनु त अर्को उपहार । पवित्रा खड्का (भूमि) को अभिनय यति माझिएको छ, जहाँ खोट लगाउने कुनै कारण छैन । सुमित भण्डारी (सागर) निपुण लाग्छन् । गोविन्द ओली (वेटर) र सुहाना आचार्य (वेट्रेस) ले नाटक अवधिभर दर्शकलाई निराश बनाएका छैनन् ।"
"ती फुर्सदिला बाजे-बज्यै, यी जेन-जी !","‘गाउँका धेरै केटाहरू लाहुर गइसके, तँ कहिले जान्छ त काइँला ?’‘बिहान गोरुलाई घाँस काट्नैपर्‍यो, दिउँसो साहुको खेतबारी जोत्नैपर्‍यो, अनि राति सुत्नैपर्‍यो । कतिबेला जाने र लाहुर ? फुर्सदै हुँदैन ।’यो आजको होइन, झन्डै ६० वर्षअघि तनहुँ बन्दीपुरको एक संवादको सानो अंश हो, मैले अग्रजबाट सुनेको । उतिबेला काइँला ‘फुर्सद’ नभएर लाहुर गएनन् । आजभोलि दैनिक हजारौंको संख्यामा विदेशिइरहेका युवा के फुर्सद भएरै गए होलान् त ?साँच्चै फुर्सद के हो ? ‘प्रज्ञा नेपाली बृहत् शब्दकोश’ भन्छ, ‘कामबाट खाली रहेको समय, काम नभएको बेला ।’ के ‘काम नभएको समय’ नै ‘फुर्सद’ हो ? त्यसोभए बेरोजगारहरू सधैं ‘फुर्सदमै हुन्छन्’ भन्नुपर्‍यो ।‘वर्ल्ड लिजर अर्गनाइजेसन’ ले फुर्सदलाई ‘सन्तुष्टि, आनन्द र सामाजिकीकरणका लागि उपलब्ध समय’ भनी व्याख्या गरेको छ । यसले दिएको परिभाषाअनुसार, व्यापार, व्यवसाय, काम, कामको खोजी, घरायसी कामकाज तथा दैनिक अत्यावश्यक क्रियाकलाप (जस्तै : खानु, सुत्नुबाहेकको समय) मात्रै फुर्सदको समय हुनेरहेछ ।त्यसो त स्कटिस समाजवादी रोवर्ट आवेनले मजदुर अधिकारका सम्बन्धमा ‘आठ घण्टा श्रम, आठ घण्टा मनोरञ्जन र आठ घण्टा आरामको समय हुनुपर्छ’ भनेका थिए । त्यसपछि विश्वमा यो विषय अधिकांश मजदुर आन्दोलनमा दोहोरिने ‘साझा नारा’ बनेको छ । आवेनले आरामका लागि भनी छुट्याएको यो ‘आठ घण्टा’ लाई सायद फुर्सद भन्न सकिन्छ ।फुर्सदको समयमा के गर्ने त ? त्यो व्यक्तिको उमेर, स्वभाव, समाज–संस्कृति, आर्थिक हैसियतअनुसार (कतिपय अवस्थामा लिंगअनुसार पनि ?) फरक होला । तर, फुर्सदमा गरिने क्रियाकलापले जीवनलाई पुनर्ताजगी दिन, सिर्जनशील बनाउन र शारीरिक–मानसिक थकान हटाई स्वस्थ राख्न महत्त्वपूर्ण भूमिका खेल्नुपर्छ ।जेन–जी फुर्सदकेही साताअघि एसईई परीक्षा सकिएपछि छोराको अनुहारमा सितिमिति नदेखिने खुसी छचल्कियो । यो खुसीको कारण सोध्दा उसले भनेको थियो, ‘अब तीन महिना त फुर्सदै फुर्सद ! खुसी हुन योभन्दा बढी के चाहियो ?’‘के गर्छस् त फुर्सदमा ?’‘म त सोलो ट्रेक जाने हो– एभरेस्ट बेस क्याम्प र मनास्लु राउन्ड !’ भर्खरै १६ वर्ष पुग्दै गरेको छोरालाई एक्लै लामो यात्रामा पठाउने/नपठाउने ? त्यसको निर्णय त हामी अभिभावक नै गरौंला, तर उसले भने फुर्सदको समय ‘ट्रेकिङ’ गएर बिताउने सोचेको रहेछ ।‘जान नमिले के गर्छस् त ? अर्थात् प्लान बी ?’‘मोबाइल, ल्यापटपमा गेम खेल्ने, एनिमे हेर्ने अनि कहिलेकाहीं फुटसल जाने ।’भर्खरै एसईई सकेको साथीको छोराको दैनिकी पनि यसरी नै बितेको छ । काठमाडौं वरिपरिका क्षेत्रमा ‘हाइकिङ’ जाने गरेको साथीको छोरा केही दिनअघि मात्रै साथीहरूसँग माथिल्लो मुस्ताङ पुगेर फर्केछ ।‘घरमै बसे जतिखेरै मोबाइल र ल्यापटपमा झुम्मिन्छ, बरु यसरी नै घुम्न गएको ठीक,’ साथीले भनेका थिए ।१२ कक्षाको परीक्षा सकेर बसेकी दिदीकी छोरीको भने पोखरा तथा काठमाडौंका केही क्षेत्र घुम्ने योजना छ ।‘बाँकी समय के गर्ने नि ?’‘सोसल मिडिया हेर्‍यो, बस्यो,’ उनको उत्तर थियो ।‘सोसल मिडियामा के नि ?’‘रिल्स, टिकटक र स्न्यापच्याट । कहिलेकाहीँ चाइनिज, कोरियन ड्रामा पनि ।’साथीकी छोरीले पनि यसैपालि एसईई दिएकी हो । ऊ र उसका केही साथी मिलेर फुर्सदको समयमा ‘नेलआर्ट’ सिक्दै गरेको सुनाइ । अरू केही साथीहरू पनि ‘ब्युटिसियन’ तालिम लिँदै छन् ।‘यस्तो तालिम किन नि ?’‘बाह्र कक्षा सकिएपछि विदेश जाने हो । उता गएपछि काम पाउन सजिलो हुन्छ नि,’ उसले भविष्यको कार्यक्षेत्र पनि सुनाइ । ‘यस्तो तालिम आफ्नै रुचिले गरेको कि आमा–बुबाको सल्लाहले ?’‘आफ्नै रुचिले हो । अब त आफ्नो भविष्यबारे आफैंले योजना बनाउनुपर्‍यो नि !,’ उसले भनी ।अर्की साथीकी छोरी भने घरमै खाना पकाउन, कपडा धुन तथा आइरन गर्न, घर सरसफाइ आदि सिकिरहेकी रहिछिन् ।‘तिम्रो आफ्नै रुचिले हो ?’‘बेसिक लाइफ स्किल नसिकी अरू जानेर के काम ?,’ उसले भनी ।म किशोरी छँदा९/१० वर्षको उमेरदेखि नै स्कुल बिदाका दिन आमासँग घाँस काट्ने, भैंसी–बाख्रा चराउन जाने गरेरै समय बित्थ्यो । तरकारी टिप्ने, केलाउने, घर–आँगन बढार्ने तथा खेतबारीको काममा आमा–बुबालाई सघाउने गरिन्थ्यो । ती कामबाट बचेको समय साथीहरूसँग गट्टा, ढक्का, चुंगी, लुकामारी खेल्थ्यौं ।के ती दिनहरू निरश थिए ? थिएनन् । आमाले जस्तै काम गर्दा र उनलाई सघाउन पाउँदा अपार आनन्द हुन्थ्यो । घरमा टीभी थिएन, रेडियो मनोरञ्जनको साधन लाग्दैनथ्यो । कहिलेकाहीँ सुत्ने बेला आमा कथा सुनाउनुहुन्थ्यो । भूत र बोक्सीका कहानी पनि सुन्न पाउँथ्यौं । मनोरञ्जन यिनै त थिए । के त्यो फुर्सदको समयको उपयोग थियो ?उमेर अलि बढेपछि अर्थात् १३/१४ वर्षको छँदा भने विद्यालयमा पढाइ हुनेभन्दा फरक किताब पनि पढ्न थालें । त्यस्ता किताब दाइ–दिदीले पनि लुकाएर पढ्थे । ‘जवानीको जोस’, ‘यौवनको प्यास’ जस्ता शीर्षक भएका किताब हुन्थे ती । कतिपय किताबका बाहिरी गातामा केटीमान्छेका झन्डै नाङ्गा फोटाहरू हुन्थे भने किताबभित्र यौनका तिलस्मी कथा हुन्थे ।तिनका अतिरिक्त सत्यकथा, तथ्यकथा, अपराधकथा जस्ता पुस्तक पनि पढ्न पाइन्थ्यो । तिनका विषयवस्तु पनि यस्तै–यस्तै हुन्थे । हामी लुकेर र केही केटी साथीबीच यस्ता किताब साटासाट गरेरै पनि पढ्थ्यौं । विद्यालयको पाठ्यपुस्तक खासै पढ्न नचाहने साथीहरू पनि यस्ता पुस्तकमा खुब रुचि दिन्थे । केही केटीहरू भने केटा साथीसँग पनि यस्ता पुस्तक साटफेर गर्थे र कहिलेकाहीँ मैले नबुझ्ने गरी कोड भाषामा बोल्ने गर्थे । अहिले सम्झँदा ती किताब पढेर अरू फाइदा नभए पनि पुस्तक पढ्ने बानी भने तिनै किताबले लगाएजस्तो लाग्छ ।फुर्सदको समयमा गाउँका समवयी केटाहरू अक्सर फुटबल, भलिबल खेल्थे । उनीहरू खेल्दै गर्दा उनीहरूकै उमेरका हामी केटीहरू भने कि त घाँस काट्न वा घरमा खाना बनाउन व्यस्त हुन्थ्यौं । त्यस्तै, केटाहरू कहिलेकाहीँ फिल्म हेर्न गएको पनि थाहा पाउँथ्यौं, तर केटीहरूले भने त्यस्तो अवसर पाउन कठिन हुन्थ्यो । झूट बोलेरै जानेहरूको कुरा बेग्लै !अहिलेझैं इन्टरनेट भएको भए कस्तो हुन्थ्यो होला है त्यो समय ?आमाहरूको किशोरी–दिनयसै साल ६० वर्ष पुगेकी आमालाई सोधेकी थिएँ, ‘के गर्नुहुन्थ्यो फुर्सदमा ?’‘अहिलेको जस्तो समय कहाँ थियो र ? पँधेरामा पानी लिन जाने, घाँस काट्ने, बाख्रा–भैंसी चराउने, भाइबैनीहरू हेर्ने, मेला जाने ! त्यस्तै काम त हो । बाख्रा–भैंसी चराउन जाँदा साथीहरूसँग गट्टा खेल्थ्यौं, कुरा गर्थ्यौं, गीत गाउथ्यौं । त्यो बेला रमाइलो नै लाग्थ्यो । अहिलेजस्तो होइन, त्योबेला छोरीहरूको बिहे १३/१४ वर्षमै हुन्थ्यो । बिहेपछि फुर्सदको कल्पना गर्न पनि गाह्रो थियो ।काम त पहिले पनि त्यस्तै हो । तर, बिहेपछि भने नयाँ घर नयाँ ठाउँ ! सासू–ससुराको असाध्यै डर । कस्ता थिए बाबै ती दिनहरू ! कटाएरै आइयो । त्यस्तो दिन पनि थियो भनेर सम्झँदा एकादेशको कथा जस्तो लाग्छ । अहिलेका छोरी–बुहारीलाई त स्वर्गै छ नि । अरू बेला त त्यस्तै हो, स्वस्थानी व्रत, रामनवमी, कृष्णअष्टमी, तीज तथा पञ्चमी व्रतमा रमाइलो लाग्थ्यो । निराहार बस्नुपर्ने हुँदा कामको बोझ त्यति हुन्थेन । नगरी नहुने काम छिटोछिटो सकेर श्रीस्वस्थानी, कृष्णचरित्र, महाभारत, रामायण, देवीभागवत जस्ता किताब पढ्थ्यौं । पढ्न जानेका (प्राय: पुरुषहरू) ले पढ्ने र अरूले सुन्ने ! तिमीहरूलाई सुनाउने श्लोकहरू, कथाहरू त्यसरी नै त जानेको हो नि ।’‘अनि अहिले नि ?’‘आजभोलि त के छ र ? मोबाइलमा जे आउँछ, त्यही हेर्‍यो–बस्यो ।’केही वर्षअघिसम्म गाउँमा छँदा फुर्सदको समयमा वल्लाघरे, पल्लाघरे काकी, ठूलीआमासँग गफ गरेर आमाको समय बित्थ्यो । तर, अहिले आमा काठमाडौं बस्नुहुन्छ, युट्युब र टिकटकमा फुर्सद साटिन्छ । ‘अरू काम पनि त हुँदैन, के गर्ने त ?’ आमा भन्छिन् ।काकी, ठूलीआमाहरूका कथा पनि यस्तै थिए/छन् ।अहिले झन्डै ७५ वर्ष पुगेकी हजुरआमालाई पनि सोधेकी थिएँ, ‘भर्खरकी हुँदा फुर्सदमा के गर्नुहुन्थ्यो ?’‘मेरा बाबै के फुर्सद हुन्थ्यो र ऊ बेला ? ९ वर्षकै उमेरमा बिहे गर्दिए । बिहानै पानी लिन पँधेरा गयो, गाउँमा पानीको दु:ख, पालो बस्नुपर्थ्यो । पानी लिएर आएपछि घाँस काट्नुपर्‍यो । ठूलो जहान, भात पकाउने, भाँडा माझ्ने गर्दा घाम टाउका माथि आइसकेको हुन्थ्यो ।फेरि मेला जानुपर्थ्यो । मेलाबाट फर्केपछि फेरि खाना पकाउने, खान दिने, भाँडा माझ्ने । त्यतिले मात्रै कहाँ पुग्थ्यो र ? सासू, नन्दलाई गोडामा तेल लगाइदिनुपर्थ्यो । सुत्ने बेला त आधा रात भइसकेको हुन्थ्यो । केको फुर्सद हुनु बा त्यो बेला ? पछि पो छोराछोरी हुर्किए, सहर आइयो र पो फुर्सद भाको !’‘आजकल चाहिँ ?’‘अब त के गर्नु र ? यही मोबाइल दिएका छन्, टिकटक अनि के–के जाति आउँछ ! त्यही हेर्‍यो/बस्यो । विदेश भएका नाति–नातिना, आफन्तसँग कुरा गर्‍यो/बस्यो, समय त्यसै जान्छ । यो भाँडो जसले बनायो भगवान् हो बा । नत्र त्यति टाढा गएका नाति–नातिनासँग यसरी कुरा गर्न कहाँ पाउँथें र ?’यत्ति भनेर हजुरआमाले मोबाइल मायाले सुम्सुम्याइन् ।बाहरूका किशोरवय र अहिलेको फुर्सदखासै फुर्सद हुन्थेन रे त्यो बेला । बिहे मात्रै छिटो हुने होइन, जिम्मेवारी पनि सानै उमेरबाट लिनुपर्थ्यो ! पढ्न जाने र अरू बेला खेतबारीको काम गर्ने । जागिर गर्नेहरूको भने फुर्सद बेग्लै हुन्थ्यो । आमाहरूको भन्दा त अलि फुर्सद हुन्थ्यो नै बाहरूलाई ।बा भन्छन्, ‘गोठालो जाँदा साथीहरूसँग डन्डीबियो, गिर्रा र खेत खाली हुँदा भलिबल खेलिन्थ्यो, चाडबाडमा तास खेल्थ्यौं । गुरुङ र मगर बस्ती नजिकै हुनाले वैशाख–जेठतिर कोही भने चुड्का र घाँटु नाचमा जान्थे । शिवरात्रि, फूलपाती, माघे संक्रान्ति जस्ता समयमा जात्रा लाग्थे, त्यस्ता मेला/जात्राहरूमा साथीहरू मिलेर जान्थ्यौं ।’अहिलेको फुर्सद भने बाहरूको पनि बूढी–औंलामै अल्झिएको छ । सामाजिक सञ्जालहरू हेर्‍यो, युट्युबमा विभिन्न थरीका भिडियो हेर्‍यो, समय उसै जान्छ ।हजुरबाको पनि दैनिकी आजकल मोबाइलमै अल्झिन्छ ।दौंतरीको फुर्सदअफिसबाट घर आउनेबित्तिकै म एकछिन सामाजिक सञ्जालमा आँखा डुलाउँछु । फेसबुक, एक्स तथा टिकटकमा केहीबेर भुलेपछि दिनभरको थकान र तनाव कम भएझैं लाग्छ । मेरा लागि यो फुर्सदको मनोरञ्जन हो । अफिसका साथीहरू पनि त्यसै भन्छन्, त्यसै गर्छन् रे । टिकटक हेर्दाहेर्दै समय बितेको पत्तै हुँदैन रे । म्यासेन्जरमा केहीबेर गफियो, फेसबुक हेर्‍यो, समय गइहाल्छ ।बाहिरफेर काममा नजाने महिलाको पनि अधिकांश समय ‘इन्टरनेट’ मै बित्छ । टिकटक बनायो, हेर्‍यो अनि म्यासेन्जरमार्फत साथी र आफन्तसँग गफियो । मेरी दिदी पनि त्यसै भन्छिन् ।पूरै दिन वा अलि लामो फुर्सद भयो भने योजना अर्कै बन्छ । त्यस्ता दिनहरूमा हाइकिङ वा ट्रेकिङ जाने ट्रेन्ड पनि बढ्दो छ । केही वर्षयता म पनि केही दिनको फुर्सदमा साथीहरूसँग मिलेर हाइकिङ वा ट्रेकिङ जाने गरेको छु । त्यस्तो बेला प्रशस्त नेपाली पर्यटक भेटिन्छन् । केही वर्षअघि भने त्यस्तो थिएन, पर्यटक भन्नेबित्तिकै विदेशी मात्रै देखिन्थे ।तर, पुरुष दौंतरीको भने फुर्सद सदुपयोगको शैली केही फरक रहेछ । उनीहरूका अनुसार, फुर्सदको समयमा मन मिल्ने साथीहरू भेटघाट गर्ने, तास खेल्ने यस्तै यस्तै ! यस्तो समयमा साथीहरूबीच केटी मान्छेका कुरा पनि हुने उनीहरूले बताए । मसँग कुरा गर्ने अधिकांश पुरुष दौंतरीले सामाजिक सञ्जाल हेरे पनि आफ्नो उपस्थिति नदेखाउने बताए ।फुर्सद पनि वर्गीय हुने रहेछफुर्सदमा के गर्नुहुन्छ ?जवाफ एक : घुम्न जान्छौं, वर्षको एक पटक युरोपतिर । कहिलेकाहीँ पोखरा, धरानतिर पनि जान्छौं । छोटो समयको फुर्सद भने सामाजिक सञ्जाल चलाएरै बित्छ ।जवाफ दुई : लामो बिदामा मिल्ने साथीहरू मिलेर ट्रेकिङ जान्छौं । शनिबारको दिन हाइकिङ जान्छौं । अरू बेला समय हुँदा सामाजिक सञ्जाल चलाउने, टिकटक बनाउने त्यस्तै हो !जवाफ तीन : घरायसी काम गर्दैमा फुर्सद हुँदैन । हप्ता दिनभरिको लुगा धोयो, अनि खान मन लागेका कुरा पकाएर सबैजना भएर खायो अनि एकछिन मोबाइल चलायो– टिकटक, युट्युब हेर्‍यो ! त्यस्तै हो ।जवाफ चार : घरायसी काम गर्छु, खाना पकाउने, लुगा धुने, घर सरसफाइ गर्ने । अनि अरू बेला ? काम त त्यही हो त अरूको घरमा काम गर्न जान्छु ।‘फेसबुक, टिकटक चलाउनु हुन्न ?’‘टचवाला मोबाइल छैन । अरूकोमा कहिलेकाहीँ देखेकी छु ।’समाज वर्गीय छ । र, फुर्सदको उपयोग पनि वर्गीय हुने रहेछ ।फुर्सद र इन्टरनेटअहिले हजुरआमा पुस्तादेखि जेन–जीसम्मको साझा कुरा भनेकै फुर्सदको समयमा इन्टरनेटको बलियो उपस्थिति हो । इन्टरनेटमा खोजिने र हेरिने विषय फरक होलान्, बुझाइ र प्रयोगको समय फरक होला तर इन्टरनेट धेरैको बानी भइसकेको छ ।झन्डै २५ वर्षअघिसम्म खासै नसुनिएको इन्टरनेट सन् २०२५ को सुरुवातसम्ममा विश्वभरमै झन्डै पाँच अर्ब ६० करोड मानिसले चलाउँछन् । यो भनेको विश्वको कुल जनसंख्याको ६८ प्रतिशत हो । सन् २०१८ सम्म इन्टरनेटको पहुँच विश्वको कुल जनसंख्याको ५३ प्रतिशतसम्ममा थियो ।त्यस्तै, विश्वको कुल जनसंख्याको ६३.९ प्रतिशत अर्थात् पाँच अर्ब २४ करोड सामाजिक सञ्जाल प्रयोगकर्ता छन् । नेपालको कुरा गर्ने हो भने सन् २०२५ को सुरुवातसम्म १ करोड ६५ लाख अर्थात् कुल जनसंख्याको ५६ प्रतिशत मानिस इन्टरनेटको प्रयोग गर्छन् भने १ करोड ४३ लाख नेपालीले विभिन्न सामाजिक सञ्जालको उपयोग गर्छन्, जुन कुल जनसंख्याको ४९ प्रतिशत हुन आउँछ ।इन्टरनेटको पहुँच र विस्तारलाई सरकार विकासको मानकका रूपमा देखाउने गर्छ । विभिन्न स्थानीय सरकारले पनि ‘फ्रि वाइफाइ जोन’ कार्यक्रमलाई प्राथमिकताका साथ प्रस्तुत गरेका छन् । सरकारले प्राथमिकता दिएजस्तै वा विभिन्न अन्तर्राष्ट्रिय संघ–संगठनले भनेजस्तै इन्टरनेटले आम मानिसको जीवन सहज बनाएको छ ? वा त्यो गरिबलाई गरिबीको दुश्चक्रबाट बाहिर निकाल्न सहयोगी बनेको छ ?त्यसो त, इन्टरनेटको पहुँचले कामलाई सहज बनाउने र आम मान्छेलाई पनि कामको अवसर, आयको अवसर दिने ठानिन्छ । तर, बहुसंख्यक मान्छेले इन्टरनेट मनोरञ्जनका लागि उपयोग गरेको देखिन्छ । म र मेरा धेरै साथीहरू टिकटक तथा अन्य सामाजिक सञ्जालहरू मनोरञ्जनका लागि प्रयोग गर्छौं । तर, यस्ता माध्यमलाई केही हामीजस्ता सामान्य मान्छेले पनि आयआर्जनका माध्यमका रूपमा प्रयोग गरेका दृष्टान्त प्रशस्तै छन् ।सन् २०१९ मा प्रकाशित ‘द नेक्स्ट बिलियन युजर्स’ पुस्तककी लेखक/प्राध्यापक पायल अरोराले इन्टरनेटलाई गरिब व्यक्तिहरूको फुर्सदको अर्थतन्त्र भनेकी छन् । उनी भन्छिन्– ‘कम आय भएका मानिसहरू फुर्सदको समय कटाउन इन्टरनेट प्रयोग गर्छन् । विश्वका गरिबहरू, जसको पहुँचमा इन्टरनेट पुगेको छ उनीहरू आयआर्जनमा होइन मनोरञ्जनका लागि इन्टरनेट प्रयोग गर्छन् ।’विकसित देशमा आर्थिक उपार्जनका लागि इन्टरनेट प्रयोग गरिन्छ भने गरिब देशका जनता जीवनस्तर सुधार्न होइन, मूलत: मनोरञ्जनकै लागि इन्टरनेट प्रयोग गर्छन् । यसले गरिबी र विषमता झन् बढाउने त होइन ? त्यसैले इन्टरनेटको पहुँच अनुत्पादनशील बन्ने त होइन ? त्यो चुनौती छँदै छ ।विविध कमजोरी र जोखिमका बाबजुद इन्टरनेट अहिलेको युगको अपरिहार्यता हो । योबिना अबको दैनिकी ठप्पप्राय: हुन्छ । इन्टरनेटले विश्व अर्थतन्त्रको ठूलो हिस्सा ओगटेको छ ।वर्ल्ड बैंकको एक अध्ययनले सन् २०२३ सम्म इन्टरनेटमा आधारित अर्थतन्त्रले विश्वको कुल गार्हस्थ उत्पादनमा १५ प्रतिशत योगदान पुर्‍याएको देखाएको थियो भने सन् २०३० सम्म डिजिटल इकोनमीले विश्वको कुल गार्हस्थ उत्पादनको ३० प्रतिशत हिस्सा ओगट्ने वर्ल्ड इकोनोमिक फोरमले गरेको एक अध्ययनले देखाएको छ । यसबाट अब इन्टरनेट मेनस्ट्रिम इकोनोमी बनेको देखिन्छ । विकसित विश्वका लागि अर्थतन्त्रको मूल आधार बनेको इन्टरनेट अविकसित र गरिब मुलुकमा भने फुर्सदको समयको मनोरञ्जनको साधन बनेको छ ।इन्टरनेट : एक लतइन्टरनेट वर्तमान जीवनशैलीको अविभाज्य जस्तै बनेको छ । आजभोलि त अधिकांशका लागि ‘फुर्सद भनेकै इन्टरनेट’ र अझ त्यसमा पनि सामाजिक सञ्जालका लागि छुट्याइएको समय हो । बालबालिका मात्र होइन, वयस्क र वृद्धवृद्धा पनि सामाजिक सञ्जालमा भुलिरहेकै छन् । खासमा अभिभावक नै इन्टरनेटको लतमा छन् भने बालबालिकामा इन्टरनेट लतको जोखिम प्रमुख चासो बनेको छ ।त्यसो त जेप्रति पनि अति आशक्ति राम्रो होइन । इन्टरनेट तथा सामाजिक सञ्जालको अति प्रयोग पनि अपवाद हुने कुरै भएन । इन्टरनेटको प्रयोग अस्वाभाविक होइन, तर केका लागि र कति प्रयोग ? त्यो विषय महत्त्वपूर्ण हो । स्नातक पढ्दै गरेका विद्यार्थी (१७–२१ वर्ष उमेर समूहका) हरूलाई घरमा धेरैजसो के गर्छौ ? भनेर सोधेकी थिएँ । अधिकांशले सोसल मिडिया हेर्ने, अनलाइन गेम खेल्ने तथा फिल्महरू हेरेर समय बिताउने बताएका थिए । ज्यादै न्यून संख्याले मात्रै साथीहरूसँग घुम्न जाने वा फुटबल, बास्केटबल तथा टेबलटेनिस जस्ता गेम खेल्ने बताएका थिए ।‘सामाजिक सञ्जालमध्ये पनि के–के चलाउँछौ ?’‘इन्स्टाग्राम, फेसबुक, स्न्यापच्याट, टेलिग्राम, टिकटकहरू, ह्वाट्सयाप आदि चलाउँछौं । अनि रमाइलो लागेका कन्टेन्टहरू साथीहरूसँग सेयर गर्छौं ।’ इन्स्टाग्राम, फेसबुकमा फन्नी भिडियोदेखि र टेलिग्राम, एक्समा ‘सेक्स भिडियो’ सम्म सेयर गर्छन् रे ! ‘सेक्स भिडियो’ चाहिँ अलि कन्फिडेन्सियल ग्रुपमा मात्रै सेयर हुन्छ रे । यस सम्बन्धमा केटाकेटी दुवैको भनाइ समान थियो ।उनीहरूको सामाजिक सञ्जालमा पनि दुई वा दुईभन्दा बढी एकाउन्ट हुने रहेछ । एउटा आफन्त तथा अभिभावकसँग जोडिएको, जसमा संस्कारी/भलादमी देखिने कन्टेन्ट सेयर गर्ने र अर्को साथीहरूका लागि, त्यसमा जे सेयर गरे पनि भयो । यो भयो काठमाडौंको कुरा ।उत्तर भारतमा ग्रामीण तथा सहरी क्षेत्रका १५ सय विद्यार्थी नमुना उत्तरदातामा गरिएको एक सर्वेक्षणमा आधाभन्दा बढी उत्तरदाताले फुर्सदको समयमा इन्टरनेट, टीभी तथा मोबाइल फोन प्रयोग गर्ने बताए । ज्यादै न्यूनले मात्रै विभिन्न शारीरिक खेलहरू खेल्ने, केहीले सामुदायिक–सांस्कृतिक गतिविधिमा संलग्न हुने तथा ज्यादै न्यून संख्याका उत्तरदाताले हिँडडुल गर्ने, साइकल चलाउने, बाहिरी किताब तथा पत्रपत्रिका पढ्ने पनि बताएका थिए । त्यो अध्ययनले विद्यार्थीको अधिकांश समय इन्टरनेटमा, टीभी तथा मोबाइलमा बित्ने हुँदा उनीहरूमा शारीरिक तथा मानसिक स्वास्थ्य समस्या आउन सक्ने जोखिम औंल्याएको थियो ।फुर्सद व्यवस्थापन जीवनको महत्त्वपूर्ण कला हो । फुर्सदको समयको सदुपयोग गर्न जान्ने हो भने यसले शारीरिक र मानसिक स्वास्थ्यमा सकारात्मक प्रभाव पार्छ र नजान्ने हो भने जीवनमा तनाव थपिन्छ । आजभोलि फुर्सदको अधिकांश समय इन्टरनेट र अझ त्यसमा पनि सामाजिक सञ्जालले खपत गरेको छ । इन्टरनेट आधुनिक जीवनशैलीको अविभाज्य त अंग हो, तर योबिना पनि फुर्सदको समयमा गर्न सकिने अन्य रमाइला गतिविधि छन् ।आफ्नो आर्थिक क्षमताले धान्ने गरी देश तथा विदेशका विभिन्न ठाउँ घुम्न जानु, रमाइला र ज्ञानवर्द्धक पुस्तक पढ्नु, नाटक तथा फिल्महरू हेर्नु, परिवारका सबै सदस्य मिलेर मनपर्ने परिकार पकाएर खानु, साथीभाइ मिलेर पिकनिक जानु आदि फुर्सदको समयमा गर्न सकिने क्रियाकलाप हुन् । अझ त्यसभन्दा पनि फुर्सदको समय हामीले साथी तथा प्रियजनलाई दिन सक्छौं ।सम्झनुस् त, टिकटक र फेसबुकका भित्तामा देखिने भर्चुअल मनोरञ्जनभन्दा प्रियजनसँग मीठा कुराहरू गरेको, हातमा हात समातेर हिँडेको वा सँगै चुपचाप आकाशतिर टोलाएर बिताएको क्षण कति आनन्ददायी होला ! फुर्सदको अमूल्य समय इन्टरनेटमा मात्रै नसक्नुस् है !"
‘समीक्षालाई मृत घोषणा गर्नु अराजनीतिक राजनीति’,"करिब दुई दशकदेखि समालोचना, निबन्ध र समीक्षा विधामा कलम चलाइरहेका गुरुङ सुशान्त पहिचान पक्षधर लेखकका रूपमा परिचित छन् । आलोचनात्मक चेत, सबल विश्वदृष्टि र स्वादिलो भाषाशैलीका कारण पाठकमाझ रुचाइएका गुरुङको पछिल्लो पुस्तक ‘इतर समीक्षा’ ले उनलाई प्रखर समीक्षकका रूपमा थप स्थापित गराएको छ ।सिनेमा, साहित्यदेखि वैचारिक गैरआख्यानबारे तीक्ष्ण विश्लेषण–मूल्यांकन प्रस्तुत गर्नेगुरुङसँग ‘इतर समीक्षा’ को सेरोफेरोमादीपक सापकोटाको समीक्षा–संवाद :तपाईंको सद्यः प्रकाशित किताब ‘इतर समीक्षा’ मा पाठकका लागि के सौगात लिएर आउनुभएको छ ?मैले जीवनमा कमाएको थोरै सम्पत्ति भनेको पाठक नै हो । पाठकसँग एकमुष्ट विमर्श गर्ने र मेरो समीक्षा लेखनको मोटामाटी यात्रा दर्शाउने मौका मैले ‘इतर समीक्षा’ मा पाएको छु ।एक थरी पाठक–मत भन्छ, ‘नेपाली समीक्षा मरिसक्यो, सद्गत गर्न मात्रै बाँकी छ ।’ एकछिनका लागि यसलाई अतिरञ्जित अभिव्यक्ति मात्रै मान्ने हो भने पनि समीक्षाले विश्वसनीयता गुमाएको चाहिँ सत्य हो भन्न त सकिएला नि ?मलाई लाग्छ, समीक्षालाई मृत घोषणा गर्नुचाहिँ अराजनीतिक ‘राजनीति’ हो । यस्तो अभिव्यक्तिले सिर्जनालाई दैवी प्रतिभाको फल देखाउने आदर्शवादी फुइँको बुई चढाएर आत्माश्लाघाको भीरतिर धकेल्न सक्छ र आलोचनाबाट अलगथलग राखिदिन्छ । यस्तो परिवेशले सिर्जनाको सामाजिक दायित्व ध्वस्त पार्दै लैजान प्रेरित गर्छ र व्यक्तिकेन्द्री अलमल र क्षणिकताभित्रबाटै नाम र दाम कमाउने लालसा सर्जकमा पलाउन सक्छ । र, अन्त्यमा— साहित्य सिर्जना शब्दखेलको रत्यात्मक आनन्दजस्तो बनिदिन्छ ।बरु, समीक्षा कमजोर भएको टिप्पणी गर्नु यथार्थ नजिक ठहर्छ । समीक्षा पनि कविताजस्तै बोध, अभ्यास र अध्ययनको त्रिवेणीमा घोटिएर निखारिने विधा हो । समीक्षक स्वाभाविक रूपमा बढी जिम्मेवार र समीक्षा धेरै विश्वसनीय हुनैपर्छ । समीक्षाले विश्वसनीयता गुमाउँदै जानु र दिशाभ्रमको ज्वरोले थलिनुचाहिँ सिंगो वाङ्मयकै लागि भयानक त्रासदी हो ।तपाईंले ‘इतर समीक्षा’ मा भन्नुभएको छ, ‘समीक्षाले त समग्र भाषा–साहित्यलाई मार्गदर्शन गर्न सक्नुपर्थ्यो । तर, समीक्षकहरू ठेकेदारजस्ता बनिदिएका र समीक्षाचाहिँ विधाभन्दा बढी ‘भूमिगत धन्दा’ झैँ भएको बजार–हल्लाले दुःखी तुल्याउँछ ।’ बजार–हल्ला मात्रै हो भने त किन दुःखी हुनु ? कि यो ‘बजार–सत्य’ हो ?यो पूरापूर बजार हल्ला मात्रै होइन, न त समस्त सत्य हो । यी दुईको बीचमा आंशिक यथार्थको गोहो देख्छु । निष्ठापूर्वक समीक्षा लेख्ने साथीहरू छन् भन्ने कुराले मलाई जति आनन्द दिन्छ, समीक्षाको बहानामा गुप्त सम्बन्धका रहस्यमय हिसाबकिताब मिलाउन अनावश्यक शब्द–मर्चा हालेको हरक मेरो नाकसम्म आइपुग्दा भने मर्माहत हुन्छु ।यदि समीक्षकको ‘नैतिक’ धरातलमा धाँजा फाटेको छ भने रातारात नक्कली नाम कमाउन लालायित ‘सर्जक’ अँध्यारोमा सुटुक्क आफ्नो लालचको लगानी चुहाउँछ । लाग्छ— जब धाँजा र लालच दुवै बढ्दै जान्छ, एउटा समयबिन्दुमा धेरैलाई बगाउने गरी पहिरो चल्छ । हाम्रो साहित्यको जमिन बलियो बनाउन सर्जक र समीक्षक दुवै जिम्मेवार र प्रतिबद्ध हुनुपर्छ भन्ने बोधकै कारण त्यस्ता केही नमीठो प्रसंगले म कहिलेकाहीं दुःखी हुन्छु ।समीक्षा उति पढिने जिनिस होइन । अझ केसम्म भनिन्छ भने समीक्षाको जम्माजम्मी दुई जना पाठक हुन्छन् । समीक्षक एक जना र जसको किताबमाथि लेखिएको हो, ऊ एक जना । यो सर्क्याजम (व्यङ्ग्योक्ति) मात्रै त होइन होला । समीक्षाको पाठक सङ्ख्या किन यति सानो भएको हो ?ठ्याक्कै यस्तै त नहोला । तर, पाठक कम हुनु अस्वाभाविक भने लाग्दैन । असल समीक्षा भनेको पाठको मूल्यांकन मात्रै होइन, सिर्जनाले उठान गरेको विषयमाथि विमर्श चलाउनु पनि हो । यसो हेर्दा देखिन्छ, हाम्रो समाजमा विमर्शभित्र सहभागी भएर अरूको मन्तव्यमाथि मनन गर्ने भन्दा आफ्नो सनकमा एक घैंटो भाषण पोखेर बाटो तताउने जमातकै बहुमत छ । त्यसैको प्रतिविम्बन हो कि यो ? ∕, लाग्छ— समीक्षालाई सीमान्तमा सारेको साहित्यको शिर सग्लो सप्रिँदैन ।कुनै किताबको समीक्षा लेखनका लागि तपाईंलाई उत्प्रेरित गर्ने तत्त्व के–के हुन् ? लेखकको प्रसिद्धि वा टेक्स्टको शक्ति ? अथवा, तपाईंले निजी मानदण्ड बनाउनुभएको छ ?किताबको भेलबाढी आउँदा सबै किताब पढ्न सम्भव नहुने हुनाले लेखकका पूर्वप्रकाशित सामग्रीको प्रभावले धेरथोर काम गर्न सक्ला । कहिलेकाहीँ प्रसिद्ध लेखकसँग धेरै अपेक्षा राखेर निराश हुने सम्भावना पनि उत्तिकै रहन्छ । तर, जब किताब पढ्न बसिन्छ, तब लेखकभन्दा पाठ नै मुख्य हुन्छ । समीक्षा लेख्दा किताबका मुख्य तीन तत्त्वले मलाई उत्प्रेरित गर्छन् : विषयवस्तु, विश्वदृष्टि र प्रस्तुति । यसबाहेक अरू साहित्यिक गुणवत्ताका पक्ष त छँदै छन् ।विश्वविद्यालयीय समीक्षाको हालत के छ भने ऊ अहिले पनि भानुभक्तको ‘बधूशिक्षा’ मा प्रगतिशील तत्त्वहरूको खोजीमा लीन छ । कवि श्रवण मुकारुङको ‘म्याडम गीता’ लाई (उदाहरणका लागि) उसले किन समालोचनाको लायक नठानेको होला ?विश्वविद्यालयले प्रश्न गर्न सिकाउनुपर्ने भए पनि त्यहाँ ‘मेथडोलोजी’ को नाममा कर्मकाण्ड गर्नुलाई नै प्राज्ञिकता मानिने अभ्यास भएकाले समीक्षा लेखन पनि ‘बिरालो बाँधेर श्राद्ध थाल्ने’ उखानको निर्वहन देखिन्छ । खासमा, समीक्षा त निकै जिम्मेवार दायित्वसहित लेखिनुपर्ने भएकाले यसको अगुवाइ विश्वविद्यालयले गर्नुपर्ने हो । तर, हाम्रा विश्वविद्यालयीय समीक्षाले प्रदर्शन गरेको शुष्कताले यस विधाप्रति नै वितृष्णाको जालो फैलाएको छ । विश्वविद्यालयीय समीक्षाले आफ्नो ढर्रा परिवर्तन गरेर सिर्जनात्मक नबनाएसम्म यो जालो फाट्दैन ।पहिचान पक्षधर लेखकका रूपमा परिचित हुनुहुन्छ । पहिचानवादी आन्दोलनका स्रष्टा र उनीहरूको लेखनलाई निकटबाट नियालिरहनुभएको छ । हाम्रो पहिचान वाङ्मय कत्रो छ, कस्तो छ ? यसले निर्माण गरेको सौन्दर्यशास्त्र कत्तिको गहकिलो छ ?पहिचानसम्बन्धी विचार प्रभावी पनि रहँदै आएको छ । पहिचानविरुद्ध प्रतिगामी तथा यथास्थितिवादी शक्तिहरू पनि सक्दो लागिपरेका छन् । र, ती शक्तिले पहिचानको मूल मर्म बङ्ग्याएर नेपाली वैचारिकीलाई भ्रष्टीकरण गर्न मलजल गरिरहेका छन् । कतिपय मार्क्सवादी भनिनेहरूसमेत पहिचानको राजनीतिलाई ‘परिचयको राजनीति’ नाम दिएर यो जात्यन्धतामा फस्ने भविष्यवाणी गर्दै असली पहिचान पक्षधरलाई हाउगुजी देखाउनमा दत्तचित्त छन् ।मार्क्सवादको साह्रै शास्त्रीय घेरामा दौडिरहने, तर नेपाली समाजको वर्ग–निर्माणको ऐतिहासिकतालाई नबुझ्ने या बुझ पचाउने यस्ता विडम्बनापूर्ण प्रयत्नले पनि हाम्रो वैचारिकी निर्माणको यात्रामा अर्को काँडे–तगारो तेर्स्याइदिएको छ । अर्को डरलाग्दो कुरा– कतिपय पहिचान पक्षधरले पहिचान–आन्दोलनको अन्तर्य बुझाउँदै अधिकार स्थापित गर्नुको साटो अल्प–अध्ययन र अहंकारकै बलमा अमुक व्यक्ति या समुदायलक्षित गालीगलौज गर्नमा समय र ऊर्जा खर्च गरिदिनाले पहिचानको मुद्दालाई भ्रमित बनाउँदै ‘जातिवाद’ को भीरतिर धकेल्न बल गरेको दृश्य देखिरहेका हुन्छौं ।जबकि, पहिचान आन्दोलनको मर्म बहुजातीय, बहुसांस्कृतिक, बहुधार्मिक र बहुभाषिक दर्शनअनुरूप समानता र सहअस्तित्वको क्यानभासमा नेपाली समाजलाई इन्द्रेणीमय बनाउनु हो । पहिचान आन्दोलनका कतिपय अभियन्ता नै नश्लवादी चिन्तनको धारमा पाइन चढाइरहेको दृश्य दुःखद लाग्छ ।ठ्याक्कै यही परिदृश्यको प्रतिविम्ब हाम्रो साहित्यमा देख्न सक्छौं ।मार्क्सवादी सौन्दर्यशास्त्रीहरूको समीक्षा पढ्नुभएकै होला । दुई बित्ता लामो अनुच्छेद, जार्गनहरूको बर्खे भेल, अरट्ठो र नीरस भाषा उनीहरूका विशेषता किन बनेका होलान् ?हो, यो अर्को समस्या छ । वैचारिक दृष्टिले मार्क्सवादी सौन्दर्यशास्त्र आफैंमा सुन्दर कुरा भए पनि यस कित्ताको समीक्षाले भाषाशैलीमा जुन जडता अपनाएको छ, त्यसले सुक्खा र रुखो बनाउँदै लगेको छ । साथै, नेपालको सन्दर्भमा आदिवासी सौन्दर्यशास्त्र र दलित सौन्दर्यशास्त्रसँग सहकार्य गर्ने आँट नबोक्नु मार्क्सवादी सौन्दर्यशास्त्रीहरूको ठूलो समस्या हो । अतः यसखाले समीक्षा लेखन निर्जन टापुजस्तो लाग्छ, पाठकलाई ।समीक्षा र समीक्षकको ‘पोलिटिक्स’ हुन्छ कि हुँदैन ?जसरी सिर्जनाले प्रत्यक्ष–परोक्ष या जानी–नजानी ‘पोलिटिक्स’ गरेको हुन्छ, त्यसरी नै समीक्षाको पनि ‘पोलिटिक्स’ हुन्छ । म त हुनुपर्छ भन्ने मान्यता राख्छु । सर्जकले अर्को पटक योभन्दा राम्रो सिर्जना गर्न सकोस् भन्ने शुभेच्छा राखेर समीक्षा लेख्नु पनि ‘पोलिटिक्स’ नै हो ।तपाईंका अक्सर समीक्षा–लेख आफैंमा राम्रा निबन्ध लाग्छन् । यस हिसाबले तपाईंका लागि समीक्षा सिर्जना हुनुपर्छ । तर, कतिपय साहित्यकार समीक्षा सिर्जना होइन भन्ने गर्छन् । यसबारे तपाईंको दृष्टिकोण प्रस्ट्याउनुस् न !समीक्षा सिर्जना होइन भन्ने वाक्य नै आफैंमा सिर्जना हो । किनकि, कसै न कसैले यो वाक्य आफ्नै बलबुत्तामा तुनेर–बुनेर सिर्जना गर्‍यो । तर, यस वाक्यको आशयप्रति म ठाडो विमति राख्छु । असली समीक्षाले पाठकलाई मौलिक सिर्जनात्मक स्वादसहित विमर्शको आह्वान गर्न सक्नुपर्छ । विचार र कलाको बहसमा पाठकलाई आमन्त्रण गर्न प्राविधिक भाषाबाट सम्भव छैन ।समीक्षाको भाषा, ढर्रा र ढाँचा किन पुरातन लाग्छ ? यसले ताजा र नयाँ भाषा, ढर्रा र ढाँचा आविष्कार गर्न ढिलो भइसकेन र ?हो, समीक्षा विमर्शको गहन विधा भएकाले विचार, भाषा र ढाँचामा नयाँ आविष्कार गर्नुपर्थ्यो भन्ने मतमा म शतप्रतिशत सहमत छु । यी कुरा पन्छाउने हो भने समीक्षक केवल अक्षरको दलाली गरिरहेको हुन्छजस्तो लाग्छ ।समीक्षालाई समृद्ध बनाउन अध्ययनको दायरा फराकिलो बनाउँदै नयाँ मान्छे र पुस्तकसँग संगत बढाउनुपर्ला । यात्रा–भ्रमण गर्ने हाम्रो जाँगर बढाउनु पर्ला । यीबिना त हाम्रो समीक्षाचेतको क्षितिज कसरी फराकिलो होला र ? फरक समाज, संस्कृति, इतिहासपरक पुस्तक र गम्भीर व्यक्तिहरूको संसर्गमा पुगेर तुलनात्मक अध्ययन नगरेसम्म हाम्रो समीक्षा ‘क्लिसे’ नै हुनेछ ।खँदिलो र गतिलो फिल्म समीक्षाको दुर्भिक्ष नै छ भन्दा पनि हुन्छ । जबकि, अन्तर्राष्ट्रिय रूपमै धाप मारिएका नेपाली फिल्म धमाधम आइरहेका छन् । तर, असल फिल्मलाई न्याय गर्ने खालका समीक्षा आउनै सकेका छैनन् । किन यस्तो भएको होला ?पछिल्लो समय नेपाली सिनेमामा निकै राम्रा काम भएका छन् । खासगरी, आदिवासी सौन्दर्य र विश्वास पद्धतिलाई सिनेमाले चिन्नुजस्तो सुन्दर र सुखद पक्षबारे हाम्रोमा न गतिलो बहस भएको छ, न त राज्यले चाल पाएको छ । यस्सो हेर्दा, हामी पुरानो धङधङीबाट अझै उत्रिनै सकेका छैनौं । सबभन्दा डरलाग्दो कुरा, प्रायः सिनेकर्मीले सिनेमालाई मनोरञ्जनको साधन र बजारको ‘वस्तु’ का रूपमा मात्रै हेरे भने अर्को लाजमर्दो कुरा, सिनेसमीक्षकले सिनेमाको कथावस्तु मिलाएर भट्याउन सकेकैमा आफ्नो सफलता सम्झे ।यी दुवै कुरा आत्मघाती लाग्छ । हुनु के पर्थ्यो भने गम्भीर सिनेमाले उजागर गरेको विषयमाथि समीक्षकले वैचारिक बहसको आह्वान गर्नुपर्थ्यो । किनकि, हाम्रोजस्तो लिखित इतिहास र औपचारिक अध्ययनको परम्परा कम भएको मुलुकमा शिक्षाको गतिलो माध्यम सिनेमा हुन सक्थ्यो । अक्षर नचिन्ने हाम्रा आमा–हजुरआमाहरूले समेत सिनेमाबाट नयाँ–नयाँ दृश्य र दीक्षा ग्रहण गर्ने अवसर पाउँथे । तर, हामीकहाँ सिनेमा–साक्षरताको कमी सिनेकर्मीदेखि समीक्षकसम्मै व्याप्त छ ।‘थिएटर रिभ्यु’ र ‘पेन्टिङ रिभ्यु’ का दीनहीनता कहिल्यै नसकिएझैं लाग्छ । यस क्षेत्रको गरिबी कसरी निवारण हुँदो हो ?थिएटर र पेन्टिङको ‘रिभ्यु’ का लागि पहिले ‘भ्यु’ प्रस्ट भएको ‘रिभ्युअर’ चाहिन्छ । हामीकहाँ ‘भ्यु’ मात्रै होइन, भेउ नै नपाएकाहरू धेरै छौं । यी विधाले प्रतिबद्धता र कटिबद्धतासहित धैर्यशील अनि अध्ययनशील समीक्षकको माग गर्छन् । बुझेर लोकलाई बुझाउने ल्याकत राखेर मात्रै यस क्षेत्रको गरिबी निवारण हुन्छ । यसका लागि नीतिगत रूपमा प्रस्टतासहित राज्यले लगानी गर्नुपर्ने हुन्छ । तर, राज्य हुँदाखाँदाको आकर्षक डाँडामाथि ‘भ्युटावर’ नामको नक्कलीे ‘पेन्टिङ’ गर्नमै व्यस्त छ अनि कसरी यताको समीक्षा समृद्ध हुनु ?तपाईंका समीक्षा पढ्दा के देखिन्छ भने तपाईं अरू विधामा जति कठोरतापूर्वक प्रस्तुत हुनुहुन्छ, कवितामा त्यसरी प्रस्तुत हुनुहुन्न । कविता साँच्चै गतिलो भएर हो वा कविहरूको बाक्लो संगतले हो ? कि पूर्वकवि हुनुको हैसियतले हो ?कविता आफैंमा शब्दहरूको अन्तराल या शब्दहरूभन्दा पर पनि अर्थ खोजिने विधा हो । मैले कविताको आलोचना गर्दा पनि कविताकै शैली पछ्याउने कोसिस गरें । ∕, मैले लेखेका कविता–समीक्षालाई बिस्तारै पढ्नुभयो भने प्रशस्त आलोचना भेट्नुहुन्छ । तर, त्यसमा कठोर शब्दचयन नगरेको भने साँचो हो । साहित्यप्रेमीले प्रेम गर्ने भनेकै काव्यिकतालाई हो भन्ने मेरो ठहर छ । किनकि, हरेक भाषाको शौर्य र सौन्दर्य नापिने विधा नै कविता हो । यसैले म कवितालाई प्रेम गर्छु ।नेपाली साहित्यमा धेरै लेखिएको र राम्रो काम भएको विधा पनि कविता हो भन्ने लाग्छ । राम्रा भनिएका कविका पनि एकाध कविता मात्रै लामो समय बाँच्ने हुन् । त्यसैले नेपाली साहित्यमा दीर्घायु बोकेका कविता छन् । अर्को महत्त्वपूर्ण कुरा, हामीले हाम्रै देशका भाषाहरूबारे खासै चासो नराखेर मात्रै हो, नत्र नेपालका मातृभाषामा सयौं अमर कविता हुन सक्छन् ।केही लेखकप्रति तपाईंको अतिशय मोह छ भन्ने गरिन्छ । जस्तो कि— कुमार नगरकोटी, नारायण ढकाल, खगेन्द्र संग्रौला । स्पष्टीकरणमा के भन्नुहुन्छ ? ‘कन्फेसन’ कै तहमा पुग्नुभए पनि हुन्छ ?उहाँहरूसँग मेरो भेटघाट भइरहने र मैले पनि उहाँहरूलाई अभिभावकसरह सम्मान गर्ने भएर यसो भनियो कि जस्तो लाग्छ । नत्र ‘संक्रमणमा नगरकोटी’ लेख्ने पनि गुरुङ सुशान्त हो भन्ने हेक्का राखिन्थ्यो होला । उहाँहरूलाई सम्मान र आलोचना दुवै गर्छु । खासमा, म राम्रा लेखकप्रतिको सम्मान गर्दो रहेछु । विचार र शिल्पमा विशिष्ट काम गर्नेहरूलाई सम्मान र प्रशंसा गर्दा नयाँ लेखकहरूलाई गहन काम गर्ने उत्प्रेरणा मिल्न सक्छ । समग्रमा, त्यसले सिंगो वाङ्मयलाई लाभ हुन्छजस्तो लाग्छ ।मलाई थाहा छ, अतिशय मोह त गोविन्द वर्तमानप्रति राख्छु । वर्तमानको नाम पटकपटक लिन्छु र साथीहरूलाई पढ्न सिफारिस गरिरहन्छु । तर, उनको नाम लिएर मलाई कसैले केही भनेको छैन । किनकि, उनीसँग मेरो बाक्लो संगत थिएन । मेरो अहिलेसम्म देखभेटै नभएका डोरबहादुर विष्ट, जोसेफ डाल्टन हुकर, टोनी हागन, अरुन्धती रोय र सुदर्शनराज तिवारीका ‘टेक्स्ट’ लाई खुलेर प्रशंसा गरी लेखेको छु । तर, उहाँहरूप्रति अतिशय मोह गुरुङले देखायो भनिएन नि ।संगत त, मेरो कवि विनोदविक्रम केसी, विमला तुम्खेवा, शकुन्तला जोशी, छम गुरुङहरूसँग बढी छ । तर, मैले उहाँहरूका मौलिक किताबबारे आजसम्म लेख्न नभ्याएको पनि त तथ्य साक्षी छ । मेरा हितैषीहरूको किताबको विमोचनदेखि भूमिका लेखनमा समेत खरो आलोचना गरेको छु । र, मित्रहरूकै किताबमाथि मस्त आलोचना गरी समीक्षा लेखेको प्रमाण त यही ‘इतर समीक्षा’ नै भइहाल्यो । यसैले मेरो लेखनमा आधारित भएर गरिएको होइन होला, यो टिप्पणी ।समीक्षा लेखेबापत आफूले आर्जन गरेको दुस्मनीमाथि केही बताउनुहोस् न !पहिलो दुस्मनी नलेखेरै सुरु हुन्छ । ‘हाम्रो किताबको किन नलेखेको ? के अपुग भयो मेरो रचनामा ?’ यस्ता प्रश्न गर्छन् । अरू नै सन्दर्भमा फ्याट्ट भेट भएका बेला एउटा कमजोर पुस्तकको चिरफार गरेर बस्ने फुर्सद र प्रसंग पनि मिल्दैन । कतिपयले चिल्लो घस्ने, कतिले मेरा साथीहरूको माध्यमबाट अनुरोध गर्ने र कतिले पत्रम्–पुष्पम्को प्रस्ताव पनि पठाउँछन् । यस्ता प्रलोभन–प्रस्तावलाई त म ठाडै बेवास्ता र इन्कार गर्छु । पुस्तक मन परे सात समुद्रपारिका लेखकदेखि कहिल्यै बोलचाल, भेटघाट नभएका स्रष्टाका सिर्जनाको समीक्षा पनि लेख्छु । खासमा यस्तै रचनामाथि लेख्न मज्जा आउँछ ।नढाँटी भन्छु– विचार र शैली नमिले पनि म कसैसँग व्यक्तिगत दुस्मनी पालेर–हुर्काएर राख्ने स्वभावको मनुवा होइन । तर, कसैले मलाई नलेखकै भरमा या आलोचनात्मक समीक्षा लेखेकै भरमा दुस्मनी साँचेर राखेका छन् भने त्यो मेरा लागि सम्पत्ति हो । तर, मन परेका पुस्तकदेखि सिनेमाको म खुलेरै प्रशंसा गर्छु । आलोचना पनि योग्य टेक्स्टको मात्रै गर्छु । अर्को कुरा– समीक्षा मेरो जागिर या ठेक्का होइन । मेरा आफ्नै हजार लन्ठाहरू छन् ।मन परेका सबै किताबबारे लेख्ने समय पनि नहुन सक्छ । त्यस्तै एक उदाहरण हो, श्याम साहकृत ‘अब्बा’ । कहिले त मन लागेको किताब पढ्ने मेसोसमेत मिल्दैन । मित्र बसन्त बस्नेतको पछिल्लो उपन्यास ‘सिमसारा’ को विमोचनमै गएँ । तर, अरू–अरू कामले पढ्न भ्याएको छैन । बसन्तजीलाई भनें पनि । साथीले ‘बिस्तारै पढ्दा हुन्छ’ भनेर माफी दिएका छन् ।"
"किसान कथा, संघर्ष गाथा","मान्छेको आदिम जीवन पद्धति र विकासक्रमको कथा सुनाउँछ, लेखक रामराज रेग्मीको किताब ‘नेपालको अर्थ–राजनीति’ ले । किताबले नेपाली इतिहासको अर्थ–राजनीतिक परिवेशलाई मिहिन खोजी, विमर्श र बहसको विषय बनाएको छ ।किताब भन्छ– भूमि प्रमुख उत्पादनको साधन भएकाले सत्ताको केन्द्रमा रहेकाले प्रजातीय साझा–भूमिलाई राज्यको सम्पत्तिमा बदलियो र आफ्ना नातागोता, भारदार, मन्त्री, सैनिक अधिकारी, पुरोहित आदिलाई वितरण गरियो ।त्यसपछि नै नेपाली समाजमा भूस्वामित्व प्राप्त गर्ने भूमिपति र भूमिहीन किसानबीच शोषणामा आधारित उत्पादन सम्बन्धको विकास भयो । यसरी किताबले नेपालमा अनेकन कालखण्डमा भएका राजनीतिक आन्दोलन, त्यसको अर्थ–राजनीति र ऐतिहासिक पक्षमाथि गम्भीर विमर्श गर्छ ।किताबको विशेषता के भने यसले इतिहासका खण्डहरूमा कृषि उत्पादन, जमिन र किसानबीचको सम्बन्ध, जमिनको निजीकरण, राज्यहरूको स्थापनापछि हिजोको सामूहिक उत्पादन सम्बन्ध बुझाउँछ । मानवको आदिम उत्पादन शैलीदेखि नवऔपनिवेशिक प्राक्–पुँजीवादी उत्पादनसम्मका विषयमा पुस्तकले मिहिन विश्लेषण प्रस्तुत गर्छ ।समाजशास्त्री र इतिहासकारहरू भन्छन्, ‘नेपाल सुरुमा त्यसै फालिएको भूमि थियो र बसाइँ–सराइका क्रममा बाहिरबाट आएका आप्रवासीले नै यहाँ खेतीपाती, पशुपालन आदि आर्थिक गतिविधिको थालनी गरेका हुन् ।’ सायद त्यसपछि क्रमशः समाज र राज्यको रूप विकसित भई अहिलेको सिंगो नेपाल स्वरूप बनेको हो । यो एककोणीय व्याख्या छ इतिहासकार र समाजशास्त्रीको । रेग्मीको यो पुस्तकले मानवको आदिम साम्यवादी उत्पादन सम्बन्धदेखि अहिलेको आधुनिकीकरणको कृषि उत्पादन परिवेश र समाजकै व्याख्या बढी गर्छ ।प्रसिद्ध दर्शनशास्त्री मार्क्सका अनुसार, आदिम साम्यवादी उत्पादन पद्धतिबाट अतिरिक्त उत्पादन हुन सक्ने अवस्था थिएन । जे–जति उत्पादन गरिन्थ्यो, त्यो केवल जीविका धान्न गरिन्थ्यो । फलाम, तामा आदिका खानीहरू भेटिएपछि धाउ गलाउने भट्टा र आरनको प्रविधि विकास भए ।र, विभिन्न भाँडाकुँडा, हातहतियार आदि कृषि औजार बनाउन थालिएपछि परम्परागत उत्पादन पद्धतिले फड्को मार्‍यो । काठको हलोमा फलामको फाली जोडिएपछि र फलामका कुटा, कोदाला वा धातुबाट निर्मित हातहतियार प्रयोग हुन थालेपछि खेतीपाती घुमन्ते–खेती र सामान्य पशुपालनबाट एक तह माथि उठ्यो ।मानवले नै प्रकृतिमा भएका जीवित प्राणीमध्ये अलि बढी जिम्मेवारी र स्वतन्त्रता पाएको छ । पुस्तकमा रेग्मी लेख्छन्, ‘मानव प्रजातिको अधिकार क्षेत्रभित्रका सम्पूर्ण खेत, बारी, वन–जंगल, खोलानाला, खानी, पशु–चरन आदि प्रजातिका सामूहिक सम्पत्ति बने ।त्यसकारण प्रत्येक प्रजातिका मानिसबीचको उत्पादन सम्बन्ध वर्गमा आधारित थिएन । नाता कुटुम्बबाट बनेको प्रजातीय उत्पादन सम्बन्ध वर्गमा आधारित थियो । सम्पत्ति सम्बन्ध साझा स्वामित्वमा आधारित थियो । उतिबेला साझा स्वामित्व भएका भूमिमा जंगल फाँडी भूमिलाई खेतीयोग्य बनाउने र गहुँ, जौ, फापर आदिको खेती गर्न थालियो । यो सुरुवाती अवस्था हो ।’मोर्गन र एंगेल्सले भनेका छन्, कृषि युगको विकासले नै राज्य सत्तालाई जन्माएको हो । पुस्तकमा रेग्मी यस सम्बन्धमा थप चर्चा गर्छन्– विभिन्न प्रजाति अस्तित्वमा आएपछि एउटा निश्चित प्रजातिले आफू बसोबास गरेको क्षेत्रमा आफ्नो प्रभुत्व स्थापित गर्न र अन्य जातिको आक्रमणबाट आफ्नो वंश र बासस्थानको रक्षाका लागि ‘राज्य सत्ता’ लाई जन्म दियो । उतिबेला त्यसलाई प्रजातीय मुख्यौली वा प्रजातीय गणतन्त्र भनिन्थ्यो । आज हामी ‘देश’ वा ‘मुलुक’ वा ‘राज्य’ भन्छौं ।पहिले किसान, व्यापारी र दासहरू गरी प्रजातीय गणराज्यहरूमा कुलीन वर्ग चार वर्गमा विभाजित थिए । कुलीनहरूले आफू शासक (राजा) हुने वा अरूलाई राजा चुन्ने अधिकारको उपभोग गर्थे तर किसान, व्यापारी र दासहरूलाई चुन्ने–चुनिने अधिकार थिएन । कार्ल मार्क्सले भनेका छन्, प्रजातीय उत्पादन पद्धति कुनै धन–सम्पत्ति जम्मा गर्ने नभएर जीविकोमुखी वंश धान्ने उद्देश्यमा सीमित थियो ।नेपालमा प्रजातीय सामूहिक उत्पादन पद्धतिको अवसान हुनुको कारण थियो, खेतीपातीमा उन्नत प्रविधि र सीपको प्रयोग । जब किसानहरूले आफ्नो उपभोगका लागि आवश्यक हुनेभन्दा बढी उत्पादन गर्न थाले तब उनीहरूलाई आफैंसँग बढी जमिन राख्न पाए हुन्थ्यो भन्ने भोक जाग्यो । किनकि सामूहिक उत्पादन पद्धतिमा हरेक वर्ष जमिन कुनै परिवारले मात्रै उपभोग गर्ने भन्ने निश्चित हुँदैनथ्यो । मलजल गरी सिञ्चित गरेको जमिन अरूले खेती गरी उत्पादन बढी लिन्थे । यही कारण मानिसले जमिनलाई आफ्नो निजी स्वामित्वमा राख्न थाले र बढाउँदै लगे ।पृथ्वीनारायण शाहले थालेको राज्य विस्तारको अवधिसम्म नेपालका धेरै गाउँमा खोरिया फँडानी गरी घुम्ती खेती गर्ने सामूहिक प्रजातीय उत्पादन पद्धति थियो । शाहको एकीकृत राज्य–कार्य स्थापित भएपछि धेरै सामूहिक भूमिलाई रैकरमा परिणत गरी प्रत्येक किसान परिवारलाई परिवार संख्या हेरी खेती गर्न जग्गाको पुनर्वितरण गरी तिरो उठाउने प्रचलन स्थापित गरिएको थियो । जग्गाको तिरो उठाउने चलन यद्यपि छ, जसलाई अहिले ‘मालपोत उठाउने’ भनिन्छ ।भुइँ तहमा रहेका किसान, मजदुर र भूमिहीन श्रमिक सधैं अन्याय, उत्पीडन, छटपटाहट र थिचोमिचोमा रहँदै आए र विभिन्न चरणमा किसान आन्दोलन उठ्दै आएको इतिहास छ । पुस्तकमा नेपालमा विभिन्न समयमा भएका किसान आन्दोलनको संक्षिप्त रूप छन् ।पहिले राज्य र उत्पादक किसानबीच सोझो सम्बन्ध कायम भयो । राज्यले किसानबाट जमिन उपभोग गरेबापत उत्पादनको एक हिस्सा लगानका रूपमा लिन्थ्यो र त्यसलाई सेना, पुरोहित, कर्मचारी, ज्योतिषी, वैद्य आदिका निम्ति खर्च गर्थ्यो । किसानले राज्यलाई केही पोत बुझाएर उत्पादनको ठूलो हिस्सा आफ्ना लागि राख्न पाउँथे । तर, जमिनमा जब सामान्तवाद हावी हुन थाल्यो अनि किसान र श्रमिकको राज्यसँगको सिधा सम्पर्क टुट्यो अनि किसान–मजदुर पीडित हुन पुगे ।राजतन्त्रात्मक शासन व्यवस्थाको अवधिमा लिच्छवि राजाहरूले राज्यको भूमि निजी सम्पत्तिका रूपमा प्रयोग गर्दै त्यसलाई आफ्नो पारिवारिक उपभोगका निम्ति राखे । केही राजकाज सञ्चालनका लागि उत्पादक स्वतन्त्र किसानबाट पोत सङ्कलन गर्ने गरी राज्यकै मातहतमा राखे र अधिकांश भूमि आफ्ना उत्तराधिकारी, नातेदार, ब्राह्मण, पुरोहित, अमात्य (प्रमुख सल्लाहार), महाप्रतिहार(अङ्गरक्षक), सर्वदण्डनायक (सुरक्षा अधिकारी), महाबलाध्यक्ष (सेना प्रमुख) र धार्मिक संस्थाहरूलाई अनुदान थिए । राजा वसन्तदेवले आफ्नी बहिनी जयासुन्दरीलाई एउटा गाउँ नै बिर्ता दिएको अभिलेख भेटिएको छ ।रेग्मी लेख्छन्, नेपालको सामन्तवादी समाजमा किसानहरूको अतिरिक्त उत्पादन कुत र करका रूपमा हडप्नुका साथै सामन्त, भूमिपति र राज्यले तिनीहरूलाई बिनापारिश्रमिक अनेकौं काममा लगाई श्रमको शोषण गर्थे । दास प्रथा, बाँधा प्रथा र झारा प्रथा सामन्तवादको सम्पूर्ण कालखण्डका श्रम शोषणको रूप हुन् । सामन्तकालीन नेपाली समाज वर्गीय र शोषणयुक्त भएकाले यो अन्तरविरोधले भरिपूर्ण थियो ।पुस्तकमा नेपाली परिवेशको कृषि, उत्पादन पद्धति, किसान, श्रमिक वर्ग र राज्यभित्रको विभिन्न वर्ग र कालखण्डको चर्चा बढी गरिएको छ । नेपालको इतिहास, वर्गचरित्र, यसको परिवेश र सम्बन्धबारे बुझ्न किताब सहयोगी हुनेछ ।लेखक निष्कर्षमा पुग्छन्, आज नेपाललाई पूर्ण रूपमा कायापलट गर्ने समतामूलक व्यवस्थाको खाँचो छ । सर्वहारा वर्गको नेतृत्वमा मजदुर–किसान र उत्पीडित जनसमुदायको जुझारु संघर्षको माध्यमबाट मजदुर–किसानको राज्यसत्ता खडा गरी समतामूलक ढंगले पुँजीवाद प्राप्त गर्ने र समाजवादमा संक्रमण गर्ने मार्ग अख्तियार नै आजको कार्यभार हो ।रेग्मीले पुस्तकमा इतिहासको विषयमाथि विस्तृत विश्लेषण गरे पनि ०४६ सालको आन्दोलनपछि भएको बहुदलीय व्यवस्थाको पुनःस्थापना, ०५२ देखि चलेको १० वर्षे ‘जनयुद्व’ र त्यसपछिको ०६२/०६३ को जनआन्दोलनपछिको अर्थ–राजनीतिक अवस्था, किसानले उठाएको भूमि अधिकार आन्दोलनको विमर्श समेट्न सकेका छैनन् ।पछिल्लो तीन दशकमा नेपाली राजनीतिक परिवेशमा भएको उथलपुथल, किसान, मजदुर, भूमिहीन, श्रमिकको अवस्था र यी वर्गलाई वर्गीय मुद्दा बनाएर के कसरी प्रयोग गरिएको छ ? यी विषयमाथि लेखकले बहस गरेका छैनन् । जागरण बुक हाउसले प्रकाशन गरेको किताबले पाठकलाई नेपाली अर्थ राजनीति र यसका परिवेश बुझाउन मद्दत गर्नेछ ।"
नारायण वाग्लेको गाई,"हाम्रो गाडी कुछप तेरङ्गा गुम्बातिर लम्किइरहेको थियो । गुम्बा जोमसोमबाट आधा घण्टाको दूरीमा पर्छ भन्ने खबर पायौं । गुम्बा स्याङ, पुथाङ, जोमसोम, ढुम्बा ताल र नीलगिरि हिमाल हेर्ने गज्जबको भ्यु प्वाइन्ट हो भन्ने जानकारी पाएपछि त्यहाँ जाने योजना बनेको थियो ।ठिनीबाट ढुम्बा तालतिर मोडिँदा फुस्रो डाँडामा चार/पाँचवटा गाई चरेको देखेपछि सहयात्री केशव दाहालले भने, ‘नारायण वाग्लेले धुइँपताल खोजेको रैथाने गाई त यहाँ रहेछ ।’म अचम्भित भएँ । के कुरा हो यो ? लेखक नारायण वाग्लेले खोजेको रैथाने गाई ?फलामे गेटबाट गाडी भित्र छिर्छ । कुछप तेरङ्गा गुम्बा निर्माणाधीन रहेछ । थुम्कोको भ्यु प्वाइन्ट भने सुनेजस्तै सानदार रहेछ– स्याङ, पुथाङ, जोमसोम, ढुम्बा ताल र नीलगिरिको दृश्य अद्भुत देखिने । कालीगण्डकी उपत्यकाका गाउँहरू विश्राम गरिरहेका र एयरपोर्टको धावन मार्ग कालीगण्डकी किनारमा सुतेजस्तो भान हुने । थुम्कोमा हावाको बोलवाला छ, रंगीविरंगी दर्ज्यु फरफराइरहेको छ ।जहाज पन्ध्र–पन्ध्र मिनेटमा जोमसोम एयरपोर्टमा ओर्लिरहेको छ, उडिरहेको छ । कारण १२ बजेपछि हावाले जहाज चल्दैन । ल्यान्ड गर्दा कालीगण्डकीको सांघुरो खोंचमा जहाज वेगले मोडिन्छ । केही सेकेन्ड तलमाथि परे....! सिरिङ्ग हुन्छु । टेक–अफमा भने गुम्बाको थुम्कोभन्दा तलबाट उड्दो रहेछ, अचम्मै !सहयात्री छन्– केशव दाहाल, मुमाराम खनाल, प्रशान्त सिंह र डम्बर खतिवडा । केशव दाहाल आख्यानकार तथा स्तम्भकार हुन् । मुमाराम खनाल राजनीतिक विश्लेषक र पूर्वमाओवादी । प्रशान्त सिंह डब्लूडब्लूएफ नेपालका पूर्वनिर्देशक र वित्तीय विश्लेषक ।डम्बर खतिवडा राजनीतिक विश्लेषक र स्तम्भकार । सबैलाई जोड्ने साझा सेतु– नागरिक प्रथम अभियान । यात्रादौरान धेरथोर नागरिक प्रथम अभियानबारे थाहा पाउँछु । सहयात्रीहरू नीलगिरिलाई पृष्ठभमिमा राखेर फोटो खिच्छन् । सिंगल, डबल, त्रिपल फोटो खिच्ने–खिचाउने क्रम अविराम चल्छ । हामी कैसाङ क्याप जाने धमिलो गोरेटो र पृष्ठभूमिको नीलगिरि आउने गरी ग्रुप सेल्फि लिन्छौं ।हुरुरु बतास कालीगण्डकी खोंचबाट चलिरहेको छ । हावाको दिशातिर आमुख हुँदा त्यसको बहावले केही सुनिँदैन, सुन्न कोल्टे फर्कनुपर्छ । हामी गाडीमा फर्किन्छौं, अघिकै स्थानमा गाई अझै चरिरहेको छ, काँडेदार झार तालाङ्गा खाइरहेको छ । खुल्दुली रोक्न सक्दिनँ । दाहालतिर आमुख भएर मुख फोर्छु, ‘नारायण वाग्लेको गाईको कुरा गर्दै हुनुहुन्थ्यो । मैले कुरो बुझिनँ । अभिधामा कुरा भन्नुस् न !’मुस्कुराउँदै दाहाल भन्छन्, ‘म गत फागुन १५ देखि १७ गतेसम्म नारायण वाग्लेको वसन्त उत्सवमा सहभागी हुन तनहुँ फार्म पुगेको थिएँ । त्यहाँ प्रांगारिक खेती प्रणालीको कखरा सिक्ने अवसर पाएँ । रैथाने बिउँ–ब्याडको ज्ञान प्रविधि र रैनाथे नश्लको पशुको महत्त्व थाहा पाएँ । रुखसँग वात मारें । माटोले सास फेर्छ भन्ने थाहा पाएँ । तर, आधुनिक खेती प्रणालीको कारण माटोले सास फेर्न पाएको छैन । कीटनाशक र रसायनिक मलको बढ्दो प्रयोगले माटो मर्दै छ । गाईको गोबर, गहुँत, खुर, सिङ कृषि उत्पादन वृद्धिका लागि खास महत्त्वको रहेछ ।’वसन्त उत्सवले उनलाई एकखाले अभियन्ता बनाएको बुझ्न सकिन्थ्यो ।दाहाल भन्दै जान्छन्, ‘प्रांगारिक खेती प्रणालीका निम्ति वाग्ले रैथाने गाईको खोजीमा रहेछन् । असली रैथाने नश्लको गाई भेटिइरहेको छैन । कसरी पाउन् ? जर्सी, होलिस्टिनजस्ता उन्नत नश्लको जगजगी छ । दुग्ध व्यवसाय प्रवर्द्धनका निम्ति सरकारले उन्नत नश्लका गाईलाई प्राथमिकता दिएको छ । रैथानेको नाममा ठिमाहा गाई भेटिन्छ ।रैथाने बिउ र पशुहरू विस्थापित भइसकेका छन् । सानोतिनो महाभारत नै भएको रहेछ, गाई खोजीको ।’ यसो भन्दै गर्दा अचम्मसँग उनको अनुहारमा गहिरो उदासी पोतियो । मानौं उनी भनिरहेका छन्– कठै बिचरा नारायण वाग्ले ! गाडी ठिनी कटेर जोमसोमतिर बढ्दै थियो र पुथाङको सैनिक ब्यारेक दृश्यमा सर्दै गइरहेको थियो ।मैले भने, ‘त्यो यहाँको रैथाने गाई हो– लुलु भन्छन् । मुस्ताङ, मनाङ, डोल्पा लगायतका मध्य तथा पश्चिमका हिमाली जिल्लाहरूमा पाइन्छ । २८०० मिटरभन्दा माथि । हिमालको कठोर मौसममा बाँच्न अभ्यस्त छन्, लुलु गाई । वाग्लेलाई मुस्ताङ बोलाउनुपर्‍यो । कहाँ तनहुँमा रैथाने गाई खोजिरहेको ?’मेरो दिमागमा बिजुलीजस्तो केही चम्कियो र उत्सुकतापूर्वक भने, ‘नारायण वाग्लेको गाई शीर्षक राखेर निबन्ध लेखे कस्तो होला ? अलिकति यथार्थ अलिकति स्वैरकल्पना मिसाएर ? यस पटक खतिवडा बोले, ‘राम्रो होला रोशनजी । लेखक भएकाले तपाईं शीर्षक चाहिँ झट्टै सोचिहाल्नु हुँदोरहेछ । शीर्षक उपयुक्त छ, लेख्नुस् ।’ खनाल पनि मतिर फर्किएर मुस्कुराएपछि शीर्षक सर्वसम्मतले अनुमोदन भएको ठानें ।छिनभरमै १२ बजे सरर हावा चल्ने जोमसोम आइपुग्छ । जोमसोमको एक्याप सूचना केन्द्रमा मित्र शेरजंग गुरुङ भेटिए । उनी एक्यापको पुराना कर्मचारी भएकाले हामी एक अर्कासँग परिचित छौं । लुब्रा (लुप्रा) जाने बाटोको अवस्थाबारे जानकारी लिई गाडी हुइँकिन्छ ।मुस्ताङको लोमान्थाङ गाउँपालिका-२ नयाँ साम्जोङ बस्तीमा पालिएका स्थानीय लुलु जातका गाई। तस्बिर : घनश्याम खड्का/कान्तिपुरकालोपत्रे बाटो पाएर कालीगण्डकीको तीरैतीर गाडी फिलिली कुदेको छ । प्रशान्त सर सचेत भई ड्राइभ गरिरहेका छन्, साथै मनयोग लगाएर हाम्रो कुराकानी पनि सुनिरहेका छन् । म विगतमा डब्लूडब्लूएफ नेपालमा काम गर्ने भएकाले उनी मेरा सिनियर हुन्, तर यस यात्रामा सहयात्री । लुब्राको बोन गुम्बा हेर्ने र बोन धर्मबारे जान्ने दाहालको योजनाअनुसार गाडी पाण्डाखोलाबाट मोडिन्छ । मुस्ताङको एउटा मात्रै बोन गुम्बा भनिएको लुब्राबाट हामी लोभिएका थियौं ।बौद्धभन्दा प्राचीन धर्म मानिन्छ बोन– प्रिबुद्धिस्ट । बीस, पच्चीस मिनेटको कच्ची बाटोमा गुडेपछि लुब्रा आइपुग्छ । सानो झुरुप्प बसेको बस्ती । चल्तीको पदमार्गभन्दा भित्र । अचम्मको आध्यात्मिक अनुभूति हुने स्थान । घरधुरी जम्मा १४ ।सोध्दै सिधै गुम्बा पुग्यौं । तर, अफसोच गुम्बा बन्द रहेछ । लामा भेटिएनन् । स्थानीय बासिन्दाबाट केही जानकारी पाइन्छ कि भन्ने आशामा एउटा रेस्टुराँमा छिर्‍यौं । दुई विदेशी पर्यटक चिया पिइरहेका थिए– मुक्तिनाथबाट आएका ।त्यसको अर्थ, मुक्तिनाथबाट लुब्रा जोड्ने पदमार्ग रहेछ । हामीले तोरा (डाले चुक) को जुस अर्डर गर्‍यौं । कोक, फेन्टाभन्दा तोरा धेरै बेस, पृथक् स्वादको । स्थानीय अर्थतन्त्रमा पनि सघाउ पुग्ने । रेस्टुरेन्टकी बहिनीलाई धेरै थाहा रहेनछ । यति मात्र भनिन्– मुस्ताङ जिल्लाकै एउटा मात्र बोन गुम्बा हो र बोन्पोले मानेलाई बुद्धमार्गीले भन्दा विपरीत दिशाबाट घुम्छ । मैले सोधें, ‘अनि स्थानीय भइकन, किन तपाईंसँग यति थोरै जानकारी ?’ उनले भनिन्, ‘यस गाउँमा म बुहारी भएर आएको धेरै भएको छैन ।’चार्ल्स राम्बल भन्ने मानवशास्त्रीले बोन धर्मबारे यही गाउँमा अध्ययन गरेको थाहा छ । विगतमा एक्यापका कर्मचारी हुँदा, राम्बलबारे सुनेको थिएँ । तिब्बतमा इतिहासमा बोन र बौद्धमार्गीबीच भयानक युद्ध चलेको थियो । तिब्बती राजा बौद्धमार्गी भए बोन्पो लखेटिन्थे, बोन्पो भए बौद्धमार्गीहरू ।प्रतापी राजा विशेष रुचाइन्थ्यो । मैले सुनेको, बौद्धधर्मी राजाबाट लखेटिएको तिबेतन लामा टासी ग्यालसेनले बाह्रौं शताब्दीमा डोल्पा हुँदै यस ठाउँमा आई गुम्बा बनाए । बोन धर्मको बीउ जोगाउन सायद यस्तो अनकन्टार ठाउँ रोजे । यहाँ पनि गोठमा तीन/चार वटा गाई देखें । दिमागमा अकस्मात् रैथाने गाई खोजिरहेका लेखक नारायण वाग्लेको दृश्य आयो । मैले स्वयम्लाई झट्कार्दै स्थानीय बासिन्दालाई सोधे– लुलु गाई हो ? जवाफ पाएँ, ‘हो ।’गाडीनेर आइपुग्यौं । पाण्डा खोला किनारमा गाडी पार्किङ गरिएको थियो । गाडीसहित खोलापारिको बञ्जर भित्ता र त्यहाँ देखिने प्राचीन गुफाको दृश्य आउने गरी फोटो लियौं । पाण्डा खोला छाडी गाडी अगाडि बढ्यो । आजै लोमान्थाङ पुग्नु छ । ठाउँठाउँमा ओर्लंदै, चिसो बतास खाँदै, फोटो खिच्नु र खिचाउनु छ । गाडी वा चिया विश्राममा मुस्ताङको संस्कृति र आर्थिक सामाजिक पाटोमा आफूले भेटेका धारणाहरू साटासाट गर्नुर् छ ।कागबेनी देखियो । मलाई भने लुलु गाईले लखेटिरह्यो । सानो काठीको लुलु गाई हिमाली क्षेत्रकै निम्ति बनेको छ । हरेक पटक लुलु लेख्दा मन निचोरिन्छ । खानलाई पर्याप्त घाँस छैन, काँडेदार झारको पात खोस्रिरहेको भेटिन्छ । चरनको सर्वथा अभाव छ । हदै भए जौको पराल । भएको काँडे झारमा पनि तीव्र प्रतिस्पर्धा छ, भेडा र च्याङ्ग्रासँग ।कागबेनी बजारको रातो गुम्बा देखिन्छ । गाडी कागबेनी भेट्टाउन कुदिरहेको छ । साथै उत्तिकै तीव्र गतिमा कल्पना पनि कुदिरहेको छ । कल्पनामा देख्छु– यात्राबाट फर्केर तनहुँको फार्ममा दाहालले वाग्लेलाई भेट्ने छन् । वाग्लेले खोजेको रैथाने गाई मुस्ताङमा भेटिएको बारे बेलिबिस्तार लगाउने छन् । दाहालले भन्नेछन्– कहाँ तपाईं तनहुँमा रैथाने गाई खोज्दै हुनुहुन्छ ? रैथाने गाई खोज्न त मुस्ताङ जानुपर्छ ।भन्न छुटाउने छैनन्, ‘मुस्ताङमा चरनको अभावमा बाँचिरहेको लुलु तनहुँमा प्रशस्त घाँस खान पाएर अत्यन्त खुसी हुनेछ । तपाईंलाई धर्म लाग्छ ।’ तर, भन्ने छैनन्, ‘मुस्ताङको कडा मौसममा अभ्यस्त लुलुले तनहुँको गर्मी कसरी सहला ?’ सबै कुरा सुनिसकेपछि वाग्लेको आँखा चम्किनेछ । र, चिरपरिचित धोद्रो स्वरमा पत्नीलाई भन्नेछन्, ‘यहाँ रैथाने गाई पाउन साह्रै कठिन भयो । म भोलि नै मुस्ताङ उक्लन्छु, बरु मेरो रुकस्याक पो कहाँ छ ?’"
रुकुम मैकोट : संगीतको आर्थिक शक्ति,"कम्मरैमा पटुकी कसेर, मुसुमुसु हाँसेकी बसेर/रुकुम मैकोटआँखा नि राम्रै हो, मनपर्‍यो नि ओठ‘संगीतको कुनै सीमा हुँदैन, जो सबैभन्दा महत्त्वपूर्ण छ’, भारतीय पार्श्वगायक मोहित चौहानको यो भनाइ यदि पछिल्लो समय सबैभन्दा बढी कुनै ठाउँमा लागू भएको छ भने त्यो रुकुमको मैकोट गाउँ नै हो । छोटो समयमै गीतसंगीतका माध्यमबाट यदि कुनै भेषभूषाको छरितो प्रचार भएको छ भने त्यो ‘रुकुम मैकोट’ कै कारण भएको छ । एसडी योगीको संगीत तथा स्वयं एसडी र शान्तिश्री परियारको स्वरबद्ध गीतको अर्को एउटा लाइन छ—तिम्रो पनि कछाड सेतै छ, मन छ कता आँखा त यतै छ/रुकुम मैकोट,राम्ररी हेर न, छैन क्यैमा खोट‘टिपिकल’ मात्रै होइन, ‘क्याँची’ शब्द संयोजनले ‘रुकुम मैकोट’ गीत प्रिय बनेको छ । ‘यस्ता कालजयी गीतहरू सितिमिति बन्दैनन्’, गएको फागुन महिनाको एक भेटमा अशोक थापामगर निर्देशित ‘खुस्मा’ चलचित्रका एक कलाकार माओत्से गुरुङले पोखरामा भनेका थिए, ‘एक जुगमा एकपल्ट यस्ता सदाबहार गीत जुर्छन्, जसको जस ‘रुकुम मैकोट’ ले लियो ।’ गीतमा अठार मगरात क्षेत्रमा नाचिने भुम्या र गरुवा लोकनृत्यको फ्युजन छ । आधुनिक संगीतसँग परम्परागत लोकभाकाको मिश्रण नै ‘रुकुम मैकोट’ हो ।महिलाले लुङ्गीमाथि पटुकी कस्ने तथा पुरुषले दापसहितको खुकरी भिरेर त्यसमाथि पटुका बाँध्ने उपल्लो राप्ती क्षेत्रका मगर समुदायलाई कुनै बखत ‘दाङ्ग्रा खाने भाङ्ग्रा ओढ्ने’ भनी हेयको दृष्टिले हेरिन्थ्यो । ‘दाङ्ग्रा’ गाई–गोरु हो भने ‘भाङ्ग्रा’ अल्लो र भाँगोको रेसाबाट बाटिएको धागोले बुनिएको कच्चा कपडा । स्वदेशका सहर–बजार त भए नै, विदेशमै गीतको दृश्यमा देखिने भेषभूषाको माग ह्वात्तै बढेको छ ।कुनैबखत संयुक्त राष्ट्रसंघका लागि स्वयंसेवक कर्मचारीका रूपमा खटिएका अनिल रञ्जितकारले गीतमा देखिएको भेषभूषाको असाध्यै रहर गरेपछि मैकोट पुगेको अवसर पारी त्यहाँका स्थानीय चेलीहरूले कछाड (खादी), पटुका, चौबन्दी र इस्टकोट नै सिलाएर ओढाइदिए । त्यसो हुनुमा ‘रुकुम मैकोट’ गीतको प्रभाव थियो । ६७ वर्षीय अनिल पोखरा पुर्ख्यौली घर भई क्यानाडाका लागि गैरआवासीय नेपाली नागरिक हुन् ।यो लेख तयार पार्दासम्म यस गीतका गायक तथा संगीतकार एसडी योगी संगीतसम्बन्धी प्रसिद्ध पुरस्कार ‘छिन्नलता युवा गीत पुरस्कार २०८१’ बाट सम्मानित भइसकेका छन् । यता ‘रुकुम मैकोट’ का गीतकार सुरेन्द्र रानाको ख्याति पनि एकाएक बढेको छ । सरल शब्द चयन र प्रेमिल भाव पोखिएको गीतको ह्वात्तै विश्वव्यापीकरण अर्थात् ग्लोबलाइजेसन भयो ।अमेरिकी गायक एन्डर्सनले भनेका छन्— ‘जहाँ शब्दहरू असफल हुन्छन्, त्यहाँ संगीतले बोल्छ ।’ यसको मतलब गैरनेपालीभाषीले गीतको भावार्थ तत्काल नबुझ्लान्, तर संगीत मन पराए । ‘रुकुम मैकोट’ शब्द उनीहरूको जिब्रोमा सजिलै बस्यो, अनि त त्यस ठाउँको पहिचान गरे । ‘रुकुम मैकोट’ को चर्चा कतिसम्म चुलियो भने नेपालका कुनाकाप्चाबाट समेत मैकोट पुग्नेको संख्या बाक्लो रह्यो । भारतको देहरादून, कालिम्पोङ, दार्जिलिङ लगायतका ठाउँबाट पनि मैकोट घुम्न आउनेको संख्या उल्लेख्य छ ।‘खुस्मा’ सिनेमा हल नपुग्दै युट्युब तथा सामाजिक सञ्जालमा ‘रुकुम मैकोट’ गीतले हाइप लिन थालेपछि मैकोटमै जन्मी–हुर्की व्यापार गर्दै आएका बमबहादुर शाहीले श्रीमती प्रोप्राइटर हुने गरी ‘रुकुम मैकोट होटेल’ नामै दर्ता गरी होटल सुचारु गरे । मैकोटमै शिक्षण पेसा गरी बसेका ढुण्डीराज पुनले व्यावसायिक तवरमै निजीस्तरमा होमस्टे स्थापना गरे । र, होमस्टेको नामै ‘मैकोट होमस्टे’ जुराइयो ।देशदेशावरबाट घुम्न आउनेहरूलाई स्थानीयस्तरको भातभान्सा बनाउनै उनीहरूको भ्याईनभ्याई छ । पाहुना धेरै आउन थालेपछि स्थानीय होटले राजिन घर्तीमा उत्साह थपिएको छ । मीरा गुरुङ, अमृता लामा र राम्ली पुन अब आफूले जेनतेन चलाइराखेको होटललाई नयाँ ढंगले सुचारु गर्ने ध्याउन्नमा छन् । पूर्वेली लिम्बू होटलका वीरबहादुर लिम्बू आफूले बनाउने खाजाका परिकारलाई थप स्वादिष्ट बनाउने ध्याउन्नमा छन् । ‘रुकुम मैकोट होटल’ का प्रोप्राइटर सरिता गुरुङका अनुसार, होटलमा बसेका बखत ती पर्यटकले जति चिया पिए पनि त्यसको पैसा तिर्नुपर्दैन ।‘रुकुम मैकोट’ ले युट्युबमा ८ महिनाको छोटो समयमै १ सय ३१ मिलियन (१३ करोड १० लाख) भ्युज क्रस गरी नेपाली सांगीतिक फाँटमा उच्च रेकर्ड राख्न सफल भयो । ग्लोबल टप ट्रेन्डिङको ४७ औं स्थानसमेत लियो । गीतको चर्चा–परिचर्चा यत्रतत्र सर्वत्र फैलिँदो छ । ‘रुकुम मैकोट’ गीतकै टेकोमा ‘खुस्मा’ सुपरहिट भएपछि अभिनेता धीरज मगर र अभिनेत्री उपासना सिंह ठकुरीको जोडीलाई दर्शकले निकै रुचाएका छन् । निर्देशक अशोक हौसिएर अर्को नयाँ चलचित्र ‘जलाकी’ को लेखन तथा निर्देशनमा जुटेका छन् ।संयोग कस्तो भइदियो भने गत वर्षको वैशाख पहिलो साता ‘खुस्मा’ को छायाङ्कन गर्न मैकोट जाने क्रममा धीरजले आफ्नो जन्मघरको दर्शन गर्ने अवसर पाए । जन्मेको दुई वर्ष नपुग्दै घर छोड्नुपरेको भावुकता उनले फेसबुकमा पोखे ।‘आफू जन्मेको गाउँ, हुर्केको ठाउँ छोड्नु त कसलाई मन होला र ? समय र परिस्थितिले गर्दा केही समय आफ्नो गाउँबाट टाढा भए पनि आफू जन्मेको माटोले तानेर आज आफ्नै गाउँ आइपुगेको छु,’ धीरजले भावुक भई लेखेका थिए— ‘मैले जानेको कलाको माध्यमबाट गाउँ, समाज र देशका लागि केही गर्ने कोसिस गर्ने छु । यो माया र सम्मानका लागि आजीवन ऋणी छु ।’‘खुस्मा’ फिल्मको प्रिमियर शोमा धीरज/उपासनासायद उनको यो प्रतिबद्धताले हुन सक्छ, ‘हिरो त हुन्, तर आर्टिस्ट होइनन्’ भन्ने धेरैको आकलनलाई ‘खुस्मा’ मार्फत गलत सावित गरिदिए । फलस्वरूप उनको माग बढेको छ । धीरजको घर पुथा उत्तरगङ्गा गाउँपालिका वडा नं. ११ को तकसेरा हो भने उनी अभिनीत चलचित्र ‘खुस्मा’ को सुटिङ स्थल सोही गाउँपालिकाकै वडा नं. १ को मैकोट गाउँ । धीरजका बुबा बेलायती सेनाबाट सेवानिवृत्त हुन् । उनको सिंगो परिवार लन्डन बस्दै आएको छ ।‘खुस्मा’ फिल्मको दुईतिहाइ दृश्य–सुटिङ मैकोट गाउँमै गरिएको हो । सुटिङका बेला सुरुमा हौसिए पनि पछिल्ला दिन भने माहोल जुटाउन हम्मेहम्मे हुनुपरेको निर्देशक अशोकको अनुभव छ । ‘यार्चा सिजन भएकाले स्थानीय समुदाय धमाधम यार्चा टिप्न पाटन लाग्दै थिए । गाउँ रित्तिँदो थियो’, अशोक थकथकी मान्छन्, ‘त्यहाँ माघे संक्रान्तिको धनुषवाण पर्वको स्केच फ्रेम गर्दै एउटा उत्सवमय माहोल सिर्जना गर्नुपर्ने थियो । धन्न त्यो सम्भव भयो ।’ केही भाग पोखरा, मनाङ र काठमाडौंमा छायाङ्कन गरिएको हो ।‘रुकुम मैकोट’ गीतको सुटिङस्थलमा मगर खाम पोसाकधारी समुदायको उल्लेख्य सहभागिता थियो । पूरै तीन दिन समय लागेको त्यस सुटिङमा तकसेराका स्थानीय समुदायको योगदान छ । उनीहरूसँग मैकोटवासी पनि थिए । धीरज पनि तकसेरावासी भएकाले त्यो उत्सवमय वातावरणमा तकसेराका अधिकांश व्यक्ति उनकै नातागोता थिए । संयोग पनि कस्तो भइदियो भने निर्देशक अशोककी दिदी कुसुमदेवी थापा तकसेरावासी हुन् । माइत–घर पर्वत जिल्ला भई कर्म–घर तकसेरा बनाएकी थापा कर्मथलोकै निर्वाचन क्षेत्रबाट बहालवाला संघीय सांसद हुन् ।‘खुस्मा’ मा थुप्रै कलाकार रहे पनि ‘रुकुम मैकोट’ गीतमा भने अरुण पुन, अस्तित्व भट्टचन, खड्गबहादुर पुन र राजु रेग्मी मगरले धीरजलाई केटापक्षबाट साथ दिएका छन् । यसैगरी केटीपक्षबाट उपासनालाई शारदा राई र दुइसाङ थिङको साथ छ । गीतमा संगीता थापा, सुजाता राई, माओत्से गुरुङ, विजय सुब्बा, राज थापा काउचा र विवेश मगर देखिएका छन् । दृश्यमा कलाकार राज र विजयले भाङ्ग्राको गादा ओढेका छन् । महिलाले गादा, चोली, लुङ्गी लगाएर पटुकी बाँधेका छन् भने पुरुषले चौबन्दी र इस्टकोट लगाई कछाडमा पटुका कसेका छन् ।अघिल्ला तीन वर्षदेखि पुरुषका लागि पटुकाको व्यापार गर्दै आएका मैकोट निवासी कबराज रसाइलीले गीतका कारण पटुकाको किनबेचमा अकल्पनीय बढोत्तरी आएको बताए । घोराही, पोखरा, काठमाडौं, बुटवल, नेपालगन्ज लगायतका सहरमा यसको माग निकै बढेको बताइन्छ । सांस्कृतिक वस्त्र पाइने फेन्सी पसलहरूमा महिलाका लागि पटुकी पनि उत्तिकै खपत भइरहेको बताइन्छ । धीरज पक्षले लगाउने गरेको कछाड अर्थात् खादीको पनि उस्तै माग छ । खादी भनेको घरेलु हस्तकलाबाट बुनिएको सुतीको कछाड हो । सोही खादीको मूल्य न्यूनस्तरमै ५ हजार रुपैयाँ पर्ने गरेको छ ।‘रुकुम मैकोट’ को सामर्थ्य कतिसम्म रह्यो भने गत वैशाख १८ का दिन म्याग्दीको ताकम गाउँमा शुभमुहूर्त गरिएको ‘माइतीघर’ चलचित्रको सुटिङ युनिटका लागि आयोजित स्वागत कार्यक्रममा मन्तव्य दिँदै गर्दा धवलागिरि गाउँपालिका अध्यक्ष प्रेमप्रसाद पुनले त्यस गीतको प्रसंग नै जोडे ।‘रुकुम मैकोट’ गीतका कारण मैकोट गाउँ मात्रै नभई समग्र रुकुम जिल्लाकै पर्यटन विकासमा उल्लेख्य योगदान पुगेको चर्चा गरे । यस्तै गएको चैत तेस्रो साता रोल्पाको थबाङ गाउँपालिकाको गुराँसे लेकतर्फ ‘जलाकी’ फिल्म छायाङ्कन गर्न जाँदाको प्रसंग पनि स्मरणीय रह्यो । त्यहाँका ४ नम्बर वडाध्यक्ष हिक्मत घर्तीमगरले निर्देशक अशोकलगायत सिंगो सुटिङ युनिटलाई नै अनुरोध गरे, ‘हामीलाई पनि रुकुमको मैकोटमा जस्तै पर्यटक भित्र्याउने फर्मुला अपनाइदिनुपर्‍यो ।’‘खुस्मा’ को माध्यमबाट ‘रुकुम मैकोट’ को ग्लोबलाइजेसन त भयो नै, सँगै सोही गीतले मैकोट मात्रै नभई समग्र रुकुमलाई एउटा नौलो ‘ग्लोबल डेस्टिनेसन’ का रूपमा चिनाइदियो । अझ भन्नुपर्दा राज्य पुनःसंरचनाका बेला टुक्रिएर दुई जिल्लाको अस्तित्वमा आएका पूर्वी रुकुम र पश्चिम रुकुमलाई भावनात्मक रूपले एकैठाउँमा जोडिदिएको कतिपयको ठम्याइ छ । पश्चिम रुकुमका सञ्चारकर्मी प्रवीर ददेलले भने, ‘रुकुम मैकोट गीतको फाइदा तपाईंहरूको लुम्बिनीले मात्र नभई हाम्रो कर्णाली प्रदेशले पनि लिइरहेको छ ।’"
सगरमाथामा मानव संघर्षका १०४ वर्ष,"...मैनबत्ती निभ्दै छ र म रोकिनुपर्छप्रिय, म तिम्रो सक्दो भलो होस् भन्ने कामना गर्छु । यो पत्र पाउनुअघि नै त्यो तिम्रो चिन्ता समाप्त हुनेछ, शुभ समाचारका साथमा । त्यो पनि अत्यन्तै छिटो । हुन त यो हाम्रा लागि ५० का विरुद्ध एकसरह छ, तर पनि हामी तीव्र प्रहार गर्नेछौं र आफैंलाई गर्विलो बनाउनेछौं ।– तिमीलाई धेरै माया, तिम्रो सधैंको मायालु, जर्जजर्ज हार्बट ली मेलोरीले सन् १९२४ को मे २७ का दिन सगरमाथाको पहिलो शिविरबाट श्रीमती रुथलाई लेखेको अन्तिम पत्रको, अन्तिम वाक्य हो यो । यसको १० दिनपछि अर्थात् जुन ८ का दिन शिखरतर्फ उक्लिरहेका मेलोरी र उनका साथी एन्ड्र्यु इर्भाइन समुद्री सतहदेखि करिब ८,६०० मिटरबाट सदाका लागि ओझेल परे । रुथले सुन्न पाइनन्, शुभ समाचार । बरु सुन्नुपर्‍यो आफैं उभिएको धर्ती भासिएझैं खबर ।‘माथि, अझै माथि, ती दुई (मेलोरी र इर्भाइन) उक्लिरहेका थिए । उनीहरू शिखरको नजिक पुगिसकेका थिए,’ फोटोग्राफर जोन बाटिस्ट लुसियस नोइलले ‘द एपिक अफ एभरेस्ट’ वृत्तचित्रमा भनेका छन्, ‘उनीहरू माथितिर गइरहेको अन्तिम दृश्य नोइल इवार्ट ओडेल (जिओलजिस्ट तथा पर्वतारोही) ले हेरिरहेका थिए । त्यो प्रेरणादायक शिखरदेखि उनीहरू करिब ६०० फिटमुनि पुगिसकेका थिए । ...भगवान्को नजिकै, जहाँ त्यसभन्दा अगाडि मान्छे पुगेकै थिएनन् ।’तर, त्यसपछि न उनीहरू शिखर पुगेको देखियो, न त फर्किए । दुई दिन दुई रातसम्म ओडेलसहितका आरोहण टोलीका सदस्यहरूले सात हजार मिटरमाथिसम्म खोज्न गए । केही पत्ता नलागेपछि उनीहरू फर्किए । दुई दिनपछि करिब ६,७०० मिटरको उचाइ (इगल भ्यु पोइन्ट) बाट फोटो–भिडियो खिचिरहेका नोइलले मसिना मानव आकृतिहरूमाथिबाट ओर्लिरहेका देखे । उनीहरूले केही संकेत गर्न खोजिरहेका थिए । ‘त्यो संकेत के हुन सक्ला जीवन या मृत्युको ? हामीले हेरिरहेका थियौं । उनीहरूले छ वटा ब्ल्याङ््केटहरू सेतो हिउँमाथि क्रस चिह्नमा बिछ्याए र त्यहाँबाट हिँडे’, नोइलले भनेका छन्, ‘त्यो संकेत मृत्युको थियो, अनि रहेन बाँकी कुनै आशा ।’सगरमाथा आरोहणको इतिहासमा सन् १९२४ को यो घटना संसारभर सनसनीपूर्ण खबर बनेको थियो । सन् १९०८ मै अमेरिकनले उत्तरी ध्रुव टेकिसकेका थिए भने नर्वेजियनले सन् १९११ मै दक्षिणी ध्रुव टेकिसकेका थिए । विश्व विजेता बन्ने होडमा दौडिरहेको बेलायतले सगरमाथा शिखर पुगेर अर्को कीर्तिमानी कायम गर्ने दृढ संकल्प गरेको थियो ।त्यही संकल्पकर्तामध्येका एक जिद्दी र साहसी आरोही थिए, मेलोरी । त्यसैले सगरमाथालाई तेस्रो ध्रुव नामकरण गरिएको थियो । अन्तरिक्ष र चन्द्रमामा पुग्ने कुनै परियोजना नै सुरु भएको थिएन । सगरमाथाको शिखर पुग्नु तत्कालीन अवस्थामा चन्द्रमामा पाइला टेक्नुभन्दा कठिन थियो । तेस्रो ध्रुवको तेस्रो आरोहणका लागि गएका जर्ज मेलोरीको दुःखान्तका यी कथा सुन्दा कुनै भयानक चलचित्रका दृश्यझैं लाग्छ ।धेरैलाई थाहा नभएको रोचक तथ्य के पनि छ भने सन् १९२४ मा मेलोरीकै आरोहण दलमा रहेका दुई जना नेपालीले ज्यान गुमाएका थिए । ती थिए गोर्खाली सेनाका लेस नायक शमशेर पुन र जुत्ता बनाउने कामका लागि लगिएका मानबहादुर । मानबहादुरको थर र ठेगाना कतै उल्लेख छैन । तर, उनीहरू नेपाली भएको स्पष्ट साथ धेरैले लेखेका छन् ।सोही आरोहण दलका एक सदस्य होवार्ड समरभेलका अुनसार, मानबहादुर जो जुत्ता बनाउने कामका लागि लगिएका थिए । उनलाई ‘सिभिएर फ्रस्टबाइट’ भएको थियो र दुवै खुट्टा हिउँले खाएका थिए । निमोनियासमेत भएका उनी मे २५ का दिन आधारशिविरमै बिते (पृ. २१९, अल्पाइन जर्नल १९२४) ।छैटौं गोर्खा रेजिमेन्टका क्याप्टेन जोन जिओफ्री ब्रुसले १९२४ कै अल्पाइन जर्नलमा प्रकाशित सामग्रीमा भनेका छन्, ‘गोर्खा एनसीओ शमशेर पुन ब्रेन ह्यामरेज भएर अत्यन्तै गम्भीर अवस्थामा थिए । चौबीस घण्टाको बेहोसीपछि उनलाई स्ट्रेचरमा बोकेर आधारशिविरतर्फ लैजाँदै गर्दा मे १३ तारिखका दिन उनको निधन भयो । समग्र आरोहण दल र रेजिमेन्टका लागि उनको निधन अपूरणीय क्षति थियो । निःसन्देह उनको भविष्य अझै उज्ज्वल थियो नै ।’ (पृ. २५७, अल्पाइन जर्नल १९२४) ।त्यसो त सन् १९२२ को आरोहणमै हिमपहिरोमा परी ७ नेपाली शेर्पाहरूले ज्यान गुमाइसकेका थिए । क्याप्टेन जोन जिओफ्री ब्रुसको पुस्तक ‘द एसल्ट अन माउन्ट एभरेस्ट–१९२२’ मा उक्त घटनाको विस्तृत वर्णन गरिएको छ । सहयोगी शेर्पाहरूका साथमा आरोहण दलका सदस्यहरू चौथो शिविरभन्दा ६ सय फिट तल मात्रै पुगेका थिए ।मौसम उज्यालै थियो, तर हावा चलेको थिएन । सबैजना यति थकित थिए कि उनीहरूको श्वासप्रश्वासको स्वाँस्वाँबाहेक अरू आवाज शून्य थियो । त्यही शून्यतालाई भंग गर्दै बम विस्फोटझैं भयानक गर्जन सुनियो । त्यो हिमपहिरोको आवाज थियो । एउटै डोरीमा लहरै हिँडेका शेर्पाहरूमध्ये सात जनालाई हिमपहिरोले बेपत्तासँग बगाइदियो ।त्यो नै सगरमाथा आरोहणका क्रममा भएको पहिलो ठूलो दुर्घटना थियो । उक्त पहिरोमा ९ जना परेको भए पनि २ जनाको उद्धार गरिएको थियो । ब्रिटिस सरकार र जर्ज मेलोरीको त्यो महात्त्वाकांक्षी आरोहण योजनामा जम्मा ९ जना नेपालीले ज्यान गुमाएका थिए । मेलोरीसहित ४ विदेशीले ज्यान गुमाए । त्यसमध्ये बेलायती नागरिक अलेक्जेन्डर माइकल केलास र एक भारतीय (जसको नाम उल्लेख छैन) को मृत्यु सन् १९२१ को आरोहण प्रयासकै क्रममा भएको थियो ।तिब्बती मोहडाबाट भएको त्यो असफल प्रयासको २९ वर्षपछि नेपालतर्फबाट शिखर उक्लिएका थिए, न्युजिल्यान्डका एडमन्ड हिलारी र नेपालका तेन्जिङ नोर्गे शेर्पा । बेलायती आरोहण दलले नेपालतर्फबाट आरोहणको अनुमतिका लागि पटक–पटक प्रयास गरेका थिए । तर, त्यतिबेला नेपालले हिमाल आरोहण खुला गरेकै थिएन । नेपालमा चन्द्रशमशेर राणा प्रधानमन्त्री र राजा त्रिभुवन थिए ।सन् १९२१ को सगरमाथा आरोहणको प्रयास तथा बाटो पहिचान गर्ने बेला जर्ज मेलोरीको टोलीले सगरमाथाको पश्चिमी मोहडाबाट आरोहण प्रयास गरेका थिए । तर, असफल भए । पश्चिमी मोहडाबाट आरोहण असम्भव लागेपछि उनले अनुमान गरेका थिए, कि नेपालतर्फ आधारशिविर निर्माण गर्ने हो भने सम्भव छ । उनका लेखहरू संग्रहित पुस्तक ‘क्लाइम्बिङ एभरेस्ट’ मा उनले भनेका छन्, ‘सगरमाथाको पश्चिमी भागबाट चढ्ने कोसिस गर्नु अत्यन्त कठिन मात्र होइन, अव्यावहारिक पनि छ । र, त्यो सम्भव भए पनि, त्यो काम नेपालतर्फ आधार शिविर राखेर मात्रै गर्न सकिन्छ, त्यो बेला विदेशीका लागि नेपालतर्फबाट अनुमति बन्द थियो ।’उनलाई नेपाल र नेपालतर्फको हिमाली भूगोलले अझ तानेको थियो । सगरमाथाको माथिल्लो क्षेत्रबाट फर्कने क्रममा नेपालतर्फ देखेका दृश्यबारे आफ्नो लेखमा वर्णन गरेका छन्, ‘हामीले टाढा नेपालतर्फका हिमशृंखलाहरू हेर्‍यौं । सुन्दर, पवित्र र अझै अपरिचित । म आश्चर्य मान्दै सोच्थें । यी पर्वतहरू के के हुन् ? के कसैले तिनीहरूका बारेमा केही लेखेको छ ? त्यो क्षणमा मैले गहिरो अनुभूति गरें । यो संसार साँच्चै विशाल छ र त्यसको प्रत्येक कुनामा अन्वेषण गर्न बाँकी अनगिन्ती सौन्दर्यहरू लुकेका छन् ।’यसरी १०४ वर्षअघि सुरु भएको तेस्रो ध्रुवमा मानव पाइला राख्ने संघर्षले अझै निरन्तरता पाइरहेकै छ । प्रमाणित रूपमा प्रथम आरोहण भएको ७२ वर्ष बिते पनि त्यो इतिहास पुनः लेखन हुन सक्ने सम्भावना अझै टरेको छैन । यदि एन्ड्र्यु इर्भाइनको शवसँगै उनको साथमा ‘कोड्याक भिपिके’ क्यामेरा भेटिएमा पर्वतारोहणको इतिहास पुनः लेखन नहोला भन्न सकिन्न ।मेलोरी एन्ड इर्भाइन रिसर्च एक्सपिडिसनको टोलीले सन् १९९९ मा आठ हजार १५५ मिटरमाथि मेलोरीको शव फेला पार्‍यो । उनको साथमा श्रीमती रुथको तस्बिर फेला परेन, जुन उनले शिखरमा छोडेर आउँछु भनेर रुथलाई प्रतिबद्धता गरेका थिए । सगरमाथाको इतिहासबारे गहिरो अनुसन्धान गरेका अमेरिकन अनुसन्धाता टम होल्जेलले केही आधारहरूमाथि दाबी गर्दै इर्भाइनको शव भेटिन सक्ने स्थानबारे अनुमान गरेका छन्, जसका आधारमा अझै इर्भाइनको शव खोजी भइरहेकै छ । संसारकै आरोहीहरूमाझ सगरमाथाप्रतिको आकर्षण अझै एकनासको देखिन्छ ।सगरमाथा आरोहण मेलोरीकै पालाझैं असम्भव त रहेन । तर, जति सजिलोझैं लाग्ने गरी बजार हल्ला सुनिन्छ, त्यो चाहिँ पक्कै छैन । हुन त जीवनका दुःखान्त कसैको पनि सरल हुँदैन । तर, हिमालको दुःखान्त बडो भयानक र कहालीलाग्दो हुन्छ । सन् १९९६ मा सगरमाथामा भएको आठ जनाको मृत्युको कथा संसारमा सबैभन्दा बढी बिकेमध्येको एक हो । यस घटनालाई लिएर दर्जनौं पुस्तक प्रकाशित छन् भने ‘एभरेस्ट’ नामक हलिउड फिल्मसमेत निर्माण भएको छ ।चर्चित पर्वतारोहीहरू न्युजिल्यान्डका रब हल, अमेरिकाका स्कट फिसर, डाग हन्सेनसहित आठ जनाको सगरमाथामा मृत्यु भएको थियो । रब हलकै नेतृत्वको आरोहण दलमा आबद्ध अमेरिकी पत्रकार जोन क्राकरको चर्चित पुस्तक ‘इन टु थिन एयर’ का समीक्षकहरूले मृत्युका कारणबारे उल्लेख गरेका छन् । जसमा सगरमाथाको व्यवसायीकरण, मानवको महत्त्वाकांक्षा र प्रकृतिको शक्ति, आरोहण दलका नेतृत्वको कमजोरी तथा अपूरो तयारी प्रमुख रहेको बताएका छन् । पुस्तकमा हिमालमा बाँच्नका लागि मान्छले गर्ने संघर्ष, क्षति र पछुतोबारे मार्मिक व्याख्या छ ।सो घटनामा रब हल र उनकी श्रीमती जान अर्नोल्डबीच भएको संवाद हृदयविदारक छ । सगरमाथा शिखर नजिकै हलले अन्तिम सास फेर्नुअघि आधारशिविरमा रहेको टोलीले रेडियो सेटमार्फत उनकी गर्भवती श्रीमतीलाई सम्पर्क गराइ छोटो वार्तालाप गराएका थिए । सो संवादमा हलले भनेका छन्, ‘यो उचाइ र परिस्थिति हेर्दा म ठिकै छु । म तिमीलाई माया गर्छु । राम्रोसँग सुत, मेरो धेरै चिन्ता पटक्कै नगर है ।’र, यहाँ पनि हलले जान अर्नोल्डलाई दिएको सान्त्वना मेलोरीले रुथलाई लेखेको पत्रभन्दा पृथक् थिएन । संयोगवशः सोही समयमा सगरमाथा आरोहण गर्न गएका जाम्लिङ तेन्जिङ नोर्गे (तेन्जिङ नोर्गेका पुत्र) ले उक्त घटनाबारे आफ्नो पुस्तक ‘टचिङ माइ फादर्स सोल’ मार्फत भनेका छन्, सगरमाथाको आध्यात्मिक सम्मान नगर्नु, पश्चिमी समाजले आरोहणलाई पदक प्राप्त गर्नुझैं ठान्नु, हिमाललाई अति व्यवसायीकरण गर्नु, शेर्पाहरूको महत्त्वको अवमूल्यन गर्नु यी घटनाका प्रमुख कारण हुन् ।त्यसो त सन् २००६ मा सगरमाथामा ११ जनाको मृत्यु हुँदा ब्रिटिस आरोही डेभिड सार्पको मृत्युलाई लिएर संसारभर हिमाल आरोहणका केही नैतिक प्रश्नहरू खडा गरिएका थिए । बिनाअक्सिजन सगरमाथा आरोहणका लागि गएका सार्पको मृत्यु ‘डेथ जोन’ अर्थात् आठ हजार ५०० मिटरमा भएको थियो ।उनको अवस्था गम्भीर देख्दादेख्दै पनि उद्धारका लागि किन कसैले सहयोग गरेनन् ? भन्ने विषयलाई आरोहीको नैतिक प्रश्न भनी अन्तर्राष्ट्रिय जगत्मा चर्चा भएको थियो । निक हिलले सो घटनाका सन्दर्भमा पुस्तक ‘द डार्क समिट’ प्रकाशित गरेपछि आरोहीका नैतिक दायित्व के के हुन सक्छन् ? भन्ने विषयमा विविध बहस भएका थिए ।धेरै आरोहण दलका आरोहीले बाटोमा भेटेर, देखेर पनि सार्पलाई किन सहयोग गरेनन् भन्ने प्रश्न उब्जिएको थियो । उनलाई भेट्नेमा व्यावसायिक शेर्पादेखि अन्य विदेशी गाइडहरूसमेत थिए ।यी नैतिक प्रश्नहरूकै बीचमा धेरै आरोही तथा शेर्पाहरूले डेथ जोनमा आफ्नै ज्यान जोगाउनुको सट्टा कसैलाई सहयोग गरेर आफूलाई जोखिममा राख्न नसकिने तर्क गरेका छन् । सार्पलाई अन्तिम अवस्थामा भेटेकामध्ये दावा शेर्पाले निक हिलकै पुस्तकमा भनेका छन्, ‘कहाँबाट ? कुन कम्पनीबाट ? तर सार्पले आँखामात्र झिम्काए ।’दावा र दुई जना टर्किस आरोहीहरू मिलेर उनलाई त्यो गुफाजस्तो ठाउँबाट निकाल्न पनि खोजे । तर, सार्प उभिन सक्ने अवस्थामा थिएनन् । हातखुट्टा सबै जमेर फलामजस्ता भइसकेका थिए । ‘हामीले उनलाई बोक्न पनि खोज्यौं तर सम्भव भएन,’ दावाले भनेका छन्, ‘उनको झोलामा हेर्दा मास्क र रेगुलेटर देखेपछि आफ्नो सिलिन्डरमा जोडेर अक्सिजन पनि दियौं । त्यो अवस्थामा हामीले गर्न सक्ने त्यति थियो ।’ दावाको टोली निकै थाकेको थियो । उनीहरूले त्यहाँ आधा घण्टा बिताइसकेका थिए । दिउँसोको १२ बजिसकेकाले अब धेरै बस्न उपयुक्त थिएन र उनीहरूले सार्पलाई उनकै भाग्यसँगै छाडेर ओरालो लागे ।सगरमाथाले कोही कसैमाथि विभेद गरेको छैन । सम्भवतः जोकोही आरोहीलाई असम्भवझैं लाग्ने सगरमाथाको शिखरमा बिनाअक्सिजन २१ घण्टा टेन्ट टाँगेर बस्न सफल बाबुछिरी शेर्पाले ३५ वर्षकै उमेरमा सगरमाथामै ज्यान गुमाए, जसले १६ घण्टा ५६ मिनेटमा सगरमाथा आरोहण गरेर सबैभन्दा छिटो आरोहणको कीर्तिमानी बनाएका थिए । १० पटक शिखर चुमिसकेका उनी सन् २००१ मा दोस्रो शिविर नजिकै खर्पासमा लडे र त्यहीं बिते । बिनाअक्सिजन सगरमाथा आरोहण गरेकी पहिलो अमेरिकन महिला फ्रान्सिज आर्सेन्टिभले फर्किने क्रममा सन् १९९८ मा ज्यान गुमाइन् । उनलाई बचाउने प्रयत्न गर्दागर्दै उनका श्रीमान् सर्जेइ आर्सेन्टिभको पनि डेथ जोनमै ज्यान गयो ।नेपालकी पहिलो महिला आरोही पासाङ ल्हामु शेर्पाले तेस्रो पटकको प्रयासमा सगरमाथा शिखर चुम्न सफल भए पनि शिखरबाट फर्किने क्रममा मौसम प्रतिकूलताले सन् १९९३ को अप्रिल २३ तारिखका दिन शिखरदेखि करिब १५० मिटर तल ज्यान गुमाइन् ।सगरमाथाका पछिल्लो स्थलगत सर्वेक्षक खिमलाल गौतम भन्छन्, ‘हिमालमा नेपाली आरोहीको इतिहास रगत, आँसु र पसिना मिश्रित छ ।’ मेलोरीले सगरमाथा आरोहणको प्रयास गर्नुभन्दा तीन दशकअघिदेखि नै ब्रिटिस साम्राज्यसँग जोडिएर तत्कालीन गोर्खाले हिमालमा रगत, पसिना र आँसु बगाएका छन् । त्यसको इतिहास छुट्टै छ । तर, हामी यहाँ सगरमाथा आरोहणको प्रसंग मात्र चर्चा गरौं । मेलोरीसँगै ज्यान गुमाएका नेपाली आरोहीलाई स्मरण गर्ने हो भने पनि इतिहास १०४ वर्ष पुगिसकेको छ, जसको चर्चा कहीँकतै उल्लेख्य रूपमा हुन सकेको छैन ।सगरमाथामा मृत्यु भएका अधिकांश विदेशी आरोहीका कथा पुस्तकका रूपमा प्रकाशित छन् । जबकि १३५ नेपालीले सगरमाथामै ज्यान गुमाइसकेका छन् । सन् २०१४ मै खुम्बु आइसफलमा हिमपहिरोमा परी १४ शेर्पाहरूको एकै चिहान भयो । सो घटनामा पुनर्जीवन पाएकामध्येका एक दावाटासी शेर्पाको पुस्तक प्रकाशोन्मुख छ । सन् २०१५ को महाभूकम्पमा परी हिमालमा ज्यान गुमाएका २२ मध्ये ११ नेपालीले सगरमाथा आधारशिविरमा ज्यान गुमाएका थिए ।यसवर्ष मात्रै ४५६ जना आरोहीले सगरमाथा आरोहणको अनुमति लिएका छन् । साहसिक पर्वतारोहीहरूको ‘समिट फिभर’ र ‘रेकर्ड फिभर’ को पहिलो सूचीमा पर्छ– सगरमाथा । हालसम्म सगरमाथामा ३४० जनाको विभिन्न कारणले मृत्यु भइसकेको छ । मृत्युका मुख्य कारण उचाइमा हुने बिरामी हो भने हिमपहिरो, खर्पासमा परेर, हिउँका ढिस्को भत्किएर, हराएर, थकाइका साथै अन्य बिरामीका कारण मृत्यु हुने ‘हिमालयन डाटाबेस’ को तथ्यांकमा उल्लेख छ ।पर्वतीय पर्यटनबारे अध्ययन गरिरहेका ‘हिमालयन इन्स्टिच्युट अफ टुरिजम एजुकेसन एन्ड डेभलपमेन्ट’ नामक संस्थाका प्रमुख अनिश दाहालका अनुसार, सगरमाथामा मृत्यु भएकामध्ये ६८.४ प्रतिशत बिरामी भएर, २६.१ प्रतिशत लडेर र ५.४ प्रतिशत विभिन्न विपत्तिमा परेर भएको देखिन्छ ।सन् २०२० मा युनिभर्सिटी अफ वासिङ्टनका अवकाश प्राप्त मानार्थ प्रोफेसर रेमोन्ड हुएसहितका चार अध्येताले सन् १९२१ देखि २००६ सम्म सगरमाथा आरोहणमा भएका मृत्युबारे गरेको अध्ययनमा ५४ प्रतिशतको मृत्यु विपद् र जोखिममा परेर भएको छ ।अध्ययनमा बाँकी ४६ प्रतिशतको मृत्यु ‘हाई अल्टिच्युड’ लगायत समस्याले भएको उल्लेख छ । यस अध्ययनले पहिलेभन्दा अहिले सगरमाथा आरोहणको तयारी एकदमै असुरक्षित र हतारमा भएको अनुमान गर्न सकिन्छ । हालसम्म सगरमाथामा १२ हजार ८८४ पटक मानव पाइला टेकिएका छन्, जसमध्ये नेपालतर्फबाट नौ हजार १५६ पटक पाइला टेकिए । हालसम्म चीन र नेपाल दुवैतर्फ गरी दुई हजार ३४७ आरोहण दलले आरोहण अनुमति लिएका छन् (सन् २०२५ बाहेक) ।संसारमा सबैभन्दा धेरै नेपाललाई यदि केहीले चिनाएको छ भने त्यो हिमाल र हिमालमा पनि सगरमाथा भएकोमा मतान्तर छैन । तर, अझै पनि अधिकांश नेपाली हिमालमा भरिया र सहयोगी मात्रै छन् । आरोहणको इतिहासमा उत्कृष्ट मानिने शेर्पाहरूलाई कुनै खोज, अनुसन्धान, अन्वेषणका लागि सरकारले योग्य बनाउन सकेको देखिँदैन ।राज्यका अनेकन कमजोरीमाझ शेर्पाहरूले हत्केलामा ज्यान राखेर इतिहासलाई जीवित राखेका छन् । सगरमाथाको महत्त्व संसारले बुझेको छ । तर, हिमालको सन्दर्भमा नेपाल अझै आफ्नै नाभीमा भएको ‘बिना’ कहाँ छ भन्ने थाहा नपाएर सुगन्धको पछि दौडिरहेको कस्तूरीकै अवस्थामा छ ।"
मिथिलामा मग्न महिला,"काठमाडौं विशालनगरको फिनल्यान्ड एम्बेसीका भित्ताहरूमा लस्करै चित्र कोरिरहेका छन् महिलाहरू । चित्रले भन्छन्– महिला, पुरुष बराबरी हुन् । केही चित्रले महिला सशक्तीकरणमाथि बोल्छ । जस्तो ती चित्रहरूमा महिलाले ट्याम्पो, जेसिबी, कम्प्युटर, मोबाइल–फोन चलाइरहेको र माइकिङ गर्दै समुदायमा सूचना प्रवाह गरेका कथा छन् ।तिनले चित्र बनाइरहेको दृश्य हेर्न पैदल–यात्री झुम्मिन्छन्, कोही ती मिथिला–चित्रको फोटो र भिडियो खिच्नै मग्न छन् ।फिनल्यान्ड एम्बेसीको सहयोगमा मिथिला चित्र कोर्न जनकपुरबाट आएका छन्– ६ जना महिला कलाकार । ‘पहिले घुगट मे बेठेथे । छोरी–बुहारी होकर बहारका काम नहि घर सम्हाना होता हे बोल्तेथे लोग । जब हम घुँघट से बहार निकल्के देखे, पैसा कमाने लगे तो इत्ना अच्छा महसुस हो रहा हे क्या बोलुँ मे,’ निर्मला राम (४०) केही शब्द नेपाली, केही उनैको मातृभाषा मैथली लबजमा भन्छिन् ।उनी हुन्, जनकपुरकी मिथिला कला कोर्ने कलाकार । उनी महिला भएकैले कसैले हेपेको वा ‘महिलाले केही गर्न सक्दैनन्’ भन्ने समाजले निर्माण गरेको भाष्य मन पराउँदिनन् । निर्मलाले मिथिला कला लेख्न थालेको २० वर्ष पुग्यो । भन्छिन्, ‘मिथिलाले हामीलाई हाम्रो पहिचान दिएको छ, खुसी दिएको छ । घुँघटबाहिरको दुनियाँ नियाल्ने अवसर दिएको छ ।’उनी अहिले आफ्नो समुदायमा ‘महिलाले घरकै काम गरेर बस्नुपर्छ’ भन्ने धारणामा बदलाव आएको बताउँछिन् । उनका एक छोरा डाक्टर पढ्दै छन्, अर्को कम्प्युटर इन्जिनियर र छोरी ११ मा । ‘श्रीमान् र मेरो कमाइबाटै हामीले घरखर्च टारेका छौं, छोराछोरी पढाउन पनि पुगेको छ,’ उनी भन्छिन् ।मिथिला चित्रबाटै पहिचान बनाएकी छन्– पानो दासले । उनले मिथिला चित्र बनाउन थालेको ३१ वर्ष भयो । उनलाई लाग्छ, मिथिला चित्रलाई नेपालीले चिनेनन् । भन्छिन्, ‘मिथिला आर्टलाई नेपाली सबैले चिनून्, माया गरून् भन्ने लाग्छ । तर, हाम्रो देशमा मिथिला नेपालीले भन्दा पहिला विदेशीले चिन्छ । विदेशीहरू जनकपुरमा हामीले बनाएको आर्ट हेर्न, किन्न खोजीखोजी आउँछन्, तर नेपालीहरू नजर नै लगाउँदैनन्, मिथिलालाई बुझ्नै चाहँदैनन् ।’त्यसैले पानो दुःखी छिन्– आफ्नै देशमा आफ्नै देशका मानिसले आफ्नै कलाको वास्ता नगर्दा । उनलाई काठमाडौंका मेयर बालेन्द्र शाहले मिथिला चित्र काठमाडौंका खाली भित्ताहरूमा कोर्न दिए मिथिलाको प्रचार हुन्थ्यो भन्ने लाग्छ । सरकारले आफूलाई वास्ता र लगानी नगरेकोमा दुःख लागेको बताउँछिन् । भन्छिन्, ‘सरकारले मिथिला–आर्टलाई सहयोग गरे हामीलाई मिहिनेतको फल मिल्थ्यो ।’मिथिला चित्र बनाउन काठमान्डु आएकी जयकाली देवी आफ्नो उमेर अन्दाज लगाउँदै ‘६३/६४ वर्ष लागेँ की’ भन्छिन् । ३२ वर्षदेखि मिथिला चित्र कोर्दै आएकी उनी आफ्नो कला देश/विदेशसम्म पुगेकोमा खुसी छिन् । उनलाई लाग्छ, मिथिला चित्र नयाँ पुस्तालाई सिकाउनु आवश्यक छ । ‘आफ्नो पुस्तापछि मिथिला पनि मर्छ कि’ भन्ने भयले उनलाई पिरोलेको छ ।जयकाली पुराना दिनतिर फर्किन्छिन्, ‘१५ वर्षकै छँदा विवाह भयो, १७ वर्ष हुँदा छोरा जन्मियो र सुत्केरी भएको १५ दिनमै कुनै रोग नलागेका श्रीमान् नोकरी गर्ने ठाउँमै बिते ।’ छोराको पालनपोषण गर्न र घर खर्च धान्न आफ्नो मिथिला आर्टले ठूलो भूमिका खेलेको उनी बताउँछिन् । आफ्नी बुहारीलाई पनि मिथिला चित्र कोर्न आउँछ भनेर उनी खुसी छिन् ।‘अब छोरा, नाति–नातिनाले पनि मिथिला कला सिक्नपर्छ’ भन्ने लाग्छ उनलाई । आफूले कसैसँग घर खर्चका लागि पैसा आस गर्नु नपरेकोमा खुसी छिन् । भन्छिन्, ‘बुढेसकाल भए पनि आफैं कमाएको छु । कसैसँग हात फैलाउनु पर्दैन । बहुत खुसी छु । सक्दासम्म मिथिला चित्र बनाउँछु ।’मधुमाला मण्डल ५० वर्ष पुगिन् । उनले मिथिला–चित्र लेख्न थालेको ३२ वर्ष पुग्यो । मिथिला चित्रले नै ‘कला देखाउन’ १ महिनाका लागि अमेरिका घुम्न पाएको खुसी र सुखको अनुभव छ उनीसँग । मधुमाला मिथिला–आर्टको मास्टर पनि हुन् । कोही कला सिक्न आए मिथिला आर्ट सिकाइदिन्छिन् । उनलाई लाग्छ, आफ्नो कला–संस्कृति जोगाउनुपर्छ ।भन्छिन्, ‘हाम्रो पुर्खादेखिको सम्पत्ति हामीले त बचायौं । अब हाम्रा सन्तानले पनि यसलाई निरन्तरता दिऊन् । हामी मरेर गए पनि मिथिला बाँचिरहोस् ।’ मिथिला–कला बिक्री हुँदैन भन्ने विषयले पिरोलिन्छिन् । छोरीहरूलाई आफूले मिथिला आर्ट सिकाएको, तर एउटा पनि बिक्री नभएपछि तिनले बनाउन छाडेको गुनासो छ उनको । ‘गाउँघरमा नाच हुन्छ, सबैले टिकटकमा हाल्छन् । त्यो भाइरल हुन्छ, तर हामीले बनाएको मिथिला आर्ट कोन टीभी मे कोन एफएम मे देखेको र सुनेको छैन । मिथिलाको प्रचारप्रसार पनि राम्रोसँग भएको छैन ।’अमृता दत्त (५१) ले मिथिला आर्ट बनाउन थालेको २८ वर्ष भयो । सानो छँदा आमा, हजुरआमाले बिहे, पूजा र विभिन्न धार्मिक कार्यमा बनाएको मिथिला आर्ट हेरेरै उनले पनि सिकिन् । अमृताले मिथिला आर्टको कमाइले नै छोराछोरी पढाएकी छन् । भन्छिन्, ‘हरेक महिलाले मिथिला आर्ट सिकेर आफूलाई आत्मनिर्भर बनाउन घरपरिवार धान्न सक्छन् । श्रीमान्ले कति बेला पैसा दिन्छन् भनेर कुरेर बस्नुपर्दैन ।’मिथिला कला बनाउन काठमान्डु आएको समूहमा सुमित्रा यादव (५२) पनि छिन् । उनले कला कोर्न थालेको ३१ वर्ष भयो । मिथिला आर्टबाटै पैसा कमाएपछि घरपरिवार पनि खुसी भएको उनी बताउँछिन् । मिथिला आर्टले आफूलाई चिनाएको उनलाई महसुस हुन्छ । यही कलाले जिन्दगी जीउन सहज भएकोमा उनी मिथिला–आर्ट र आफ्ना पुर्खाहरूप्रति कृतज्ञ छिन् ।"
पेनाङमा राहदानी र कन्सुलर शिविर,"काठमाडौँ — मलेसियास्थित नेपाली दूतावासले पेनाङमा जेठ २४ र २५ गते राहदानी र  कन्सुलर शिविर गर्ने भएको छ । दूतावासले राहदानी नवीकरण गर्नका लागि अग्रिम रुपमा राहदानीको आवेदन फारम भर्न अनुरोध गरेको छ ।दूतावासले शिविरमा राहदानी नवीकरण, राहदानी संकलन र श्रमसम्बन्धी समस्या सुनुवाइ हुने जनाएको छ । पुरानो राहदानी नवीकरण गर्न २४० रिंगिट र हराएको, नासिएको, च्यातिएको राहदानी नवीकरण गर्न ३६० रिंगिट शुल्क लाग्ने दूतावासले जनाएको छ ।पेनाङबाट क्वालालम्पुरस्थित नेपाली दूतावास करिब ३ सय ५० किलोमिटर टाढा छ । दूतावासले पेनाङ क्षेत्रमा काम गर्ने नेपाली श्रमिकलाई राहदानी र श्रमसम्बन्धी समस्या सुनुवाइ गर्न पेनाङमा घुम्ती शिविर आयोजना गरिएको जनाएको छ ।"
एनआरएनए दक्षिण अस्ट्रेलिया संयोजकमा खरेलको उम्मेदवारी घोषणा,"काठमाडौँ — गैरआवासीय नेपालीहरुको संस्कृति संरक्षण र प्रवर्द्धनलाई मुख्य एजेन्डा बनाउँदै देवेन्द्र खरेलले गैरआवासीय नेपाली संघ (एनआरएनए) दक्षिण अस्ट्रेलियाको संयोजक पदमा औपचारिक उम्मेदवारी घोषणा गरेका छन् ।सन् २०२५–२०२७ कार्यकालका लागि २६ जुलाईमा मतदान हुँदै छ । उम्मेदवारी घोषणा गर्दै खरेलले आफ्नो प्राथमिकता एनआरएन समुदायभित्र नेपाली भाषा, कला, रीतिरिवाज र मौलिक पहिचानलाई जीवित राख्ने रहेको बताएका छन् । ‘संस्कृति हाम्रो असली पहिचान हो । नयाँ पुस्ताले हाम्रो भाषा बिर्संदै छन्, संस्कारबाट टाढिँदै छन्,’ खरेलले भने, ‘एनआरएनए नेपालबाट भर्खर आएकाको मात्र संस्था कदापि हुनु हुँदैन । एनआरएनए हाम्रा दोस्रो–तेस्रो पुस्ताको पनि अभिभावक हुनुपर्छ । त्यसका लागि नयाँ पुस्तालाई हामीले हाम्रो नेपाली संस्कृतिको पहिचान गराइरहनुपर्छ ।’रजिस्टर्ड नर्स पेसाका खरेल २०२१ देखि एनआरएनए दक्षिण अस्ट्रेलियामा पब्लिक अफिसरका रुपमा सक्रिय छन् । नेपाली पाठशाला एडिलेडका उपाध्यक्ष समेत रहेका उनीसँग सांस्कृतिक संरक्षण, शिक्षा, मानसिक स्वास्थ्य र संस्थागत सहकार्यका क्षेत्रमा समेत काम गरेको अनुभव छ ।"
गोर्खा कप ‘ड्रिम टिम’ को पोल्टामा,"लन्डन — बेलायतको अल्डरसटस्थित क्वीन्स एभिन्यू स्पोर्ट्स फिल्डमा आयोजित गोर्खा कपको २३औँ संस्करणमा ‘ड्रिम टिम’ च्याम्पियन बनेको छ।नेपाली समयअनुसार आइतबार मध्यरात सम्पन्न प्रतियोगिताअन्तर्गत फाइनल खेलपछिको टाइब्रेकरमा मेनतर्फ ड्रिम टिमले गुरुजी इलियट टिमलाई ४–२ गोलले पराजित गरेको हो।निर्धारित समयमा १–१ गोलको बराबरीपछि थप समय खेलाइएको थियो। थप समयमा गोल हुन नसकेपछि खेल टाइब्रेकरमा पुगेको हो। पेनाल्टीमा चम्किएको नेपाल ड्रिम टिमले गोर्खा कपअन्तर्गत मेन टिमको उपाधिसँगै ३ हजार पाउन्ड, ट्रफी र प्रमाणपत्र प्राप्त गरेको छ। रनरअप गुरुजी इलियट टिमले १ हजार ८ सय पाउन्ड, ट्रफी र प्रमाणपत्र प्राप्त गरेको छ।मेन टिमतर्फ बेस्ट म्यानेजर नेपाल ड्रिम टिमका शक्थिम चेम्जोङ घोषित भए। बेस्ट प्लेयरको उपाधि नेपाल ड्रिमकै ईश्वर गुरुङले प्राप्त गरे। सर्वाधिक गोलकर्ताको उपाधि गुरुजी इलियटका रोबेल नाल्बोले पाएका हुन्।भेट्रानतर्फ हिमालयन एफसी विजेता बन्दै नगद १ हजार ५ सय पाउन्ड, ट्रफी र प्रमाणपत्र प्राप्त गर्न सफल भयो। रनरअप इन्टेक २००० ले १ हजार पाउन्ड, ट्रफी र प्रमाणपत्र प्राप्त गर्‍यो। फाइनलमा ४–० गोलको फराकिलो अन्तरले हिमालयन एफसी भेट्रान विजेता बनेको हो।भेट्रानतर्फ बेस्ट म्यानेजर हिमालयन एफसीका कुमार थापा बने। सर्वाधिक गोलकर्ता हिमालयन एफसीकै डा. सन्दीप गुरुङ भए। बेस्ट प्लेयरको उपाधि हिमालयन एफसीका खुम गुरुङले प्राप्त गरे।महिला तर्फ रन्डर बोल्ट्स एफसी तामाङ समाज युकेलाई ३–० गोलको फराकिलो अन्तरले पराजित गर्दै विजेता बन्यो। रन्डर बोल्ट्सले ६ सय पाउन्ड, ट्रफी र प्रमाणपत्र प्राप्त गर्‍यो। उपविजेता तामाङ समाजले ४ सय पाउन्ड, ट्रफी र प्रमाणपत्र प्राप्त गरेको छ। महिलातर्फ बेस्ट प्लेयरको उपाधि गरिमा राईले प्राप्त गरिन्।यस वर्ष गोर्खा कपमा मेनतर्फ ३२, भेट्रानतर्फ १६ र महिलातर्फ २ टिम गरी ५० टिम सहभागी भएका थिए। ‘फुटबल लिजेन्ड अफ गोर्खा कप’ को उपाधि लोकप्रसाद चेम्जोङ धनकुटेलाई प्रदान गरिएको छ। आयोजक तमू धींले पहिलोपटक यो उपाधि प्रदान गरेको जनाएको छ।विजेता र उपविजेतालाई तमू धीं यूकेका अध्यक्ष जुमकाजी गुरुङ, बेलायतका लागि नेपाली राजदूत चन्द्रकुमार घिमिरे, रसमोर बरो काउन्सिलका मेयर क्यालोन स्टिवर्ट, सो क्षेत्रका सांसद एलेक्स बेकर, फुटबलर सावित्रा भण्डारी र प्रायोजकहरूद्वारा पुरस्कार वितरण गरिएको थियो।"
साउदीको निर्माण क्षेत्रमा १ लाख ३३ हजार कम्पनी सक्रिय,"काठमाडौँ — साउदी अरबको निर्माण क्षेत्रमा १ लाख ३३ वटा रोजगारदाता कम्पनी मार्फत १६ लाख आप्रवासी श्रमिक काम गरिरहेको साउदी सरकारले जनाएको छ । त्यसमा नेपाली श्रमिकको हिस्सा भने खुलाइएको छैन ।साउदीमा जारी ‘विश्व आयोजना व्यवस्थापन मञ्च (जीपीएमएफ)मा सम्बोधन गर्दै साउदीका नगरपालिकामन्त्री माजिद अल–हज्जलले साउदीको एकीकृत सहरी विकासलाई सहयोग गर्न १ लाख ३३ वटा कम्पनीले काम गरिरहेको वताए ।उनले निर्माण क्षेत्रमा आबद्ध भएका १६ लाख श्रमिकले साउदी सरकारको २०३० को योजनालाई कार्यान्वयन गर्न मद्दत पुगिरहेको बताए । ‘साउदीको आर्थिक, सामाजिक र विकासलाई अगाडि बढाउन हामीले एउटा मार्गचित्र बनाएका छौं । त्यसलाई सहयोग पुगिरहेको छ,’ उनले भने ।"
न्यूयोर्कको सडकमा घन्कियो पञ्चेबाजा,"अमेरिका — आइतबार अमेरिकाको व्यस्त सहर न्यूयोर्कको मुख्य क्षेत्र म्यानहाटन पञ्चेबाजाले गुञ्जायमान बन्यो । नेपालको परम्परा, भेषभूषा र संस्कृति चिनाउन म्यानहाटनको सडकमा घन्किएको पञ्चेबाजासँगै गुञ्जिएको राष्ट्रिय गानले सबैको ध्यान खिचेको थियो ।ढाका टोपी, दौरा सुरुवाल र गुन्यु चोलीमा सजिएका सयौँ नेपालीले नेपाल मात्र चिनाएनन् नेपालको संस्कृति र परम्परालाई विश्वकै विकसित सहरमा प्रस्तुतसमेत गरेका थिए । सन् २०१६ देखि न्यूयोर्कमा मनाइँदै आएको नेपाल डे परेड अन्तर्गत यस वर्ष यस्तो प्रस्तुति गरिएको थियो ।न्यूयोर्कमा रहेका नेपाली जनसमुदायले पञ्चेबाजासँगै, भजन, देउडा, सोरठी, मैथिली, शेर्पा र तामाङ सेलो गुञ्जयमान भएको थियो । परेडमा नेपाली आबद्ध करिब १२ वटा संघसंस्थाका ब्यानरसहित सयौँ नेपाली र नेपाली अमेरिकीहरुको उपस्थिति रहेको थियो ।गैरआवासीय नेपाली संघ, अमेरिका न्यूयोर्क च्याप्टरको मूल आयोजना र स्थानीय नेपाली संघ संस्थाको सहकार्यमा नेपाल डे परेड आयोजना गरिएको हो । प्रत्येक वर्ष नेपालको गणतन्त्र दिवसको अवसरमा नेपाल डे परेड मनाइने गरिएको नेपाल सरकारका न्यूयोर्क पयर्टन प्रवर्द्धक गोकुल श्रेष्ठले बताए ।‘हामीले नेपालीको पहिचान, संस्कृति, पराम्परासँगै अमेरिकामाझ नेपाल चिनाउने उद्देश्यले नेपाल डे परेड मनाउँदै आएका छौं’, उनले भने, ‘हाम्रो लागि यो एक मुख्य पर्व हो, हाम्रो शान हो ।’ श्रेष्ठले न्यूयोर्क विश्वभरका पर्यटक आउने सहर भएकोले यहाँ गरिएको प्रस्तुतिले विश्वका विकसित मुलुकका पर्यटकको नजरमा पर्ने दाबीसमेत गरे । नेपालको विविध कला, संस्कृति र परम्परा झल्किने गरी गरिएको साङ्गीतिक प्रस्तुतिले म्यानहाटन सहरलाई नेपालमय बनाएको उनले बताए ।नेपाली पोसाक, झन्डा र ब्यानरसहित नाचगान र बाजा बजाउँदै सहर परिक्रमा गरी आयोजना गरिएको सभामा न्यूयोर्क, न्यूजर्सी र कनेक्टिकटबाट उपस्थित भएका नेपालीहरूले देश प्रेम झल्किने गरी आफ्नो एकता र राष्ट्रिय भाव प्रकट गरेका थिए ।न्यूयोर्क सहरका मेयर एरिक एडम्स र सिनेटर चक सुमरले उद्घाटन गरेको परेडमा स्थानीय जनप्रतिनिधिहरूको उपस्थिति रहेको थियो । परेडको उद्घाटन गर्दै मेयर एडम्सले न्यूयोर्कमा नेपालीले आफ्नो संस्कृतिसँगै आफ्नो उपस्थितिलाई समेत दरिलो बनाएको बताए । परेडमा नेपालको पर्यटकीय गन्तव्यसहित, सगरमाथा, लुम्बिनी, जनकपुर एवं पशुपतिनाथको ब्यानर प्रदर्शन गरिएको थियो । स्थानीय एवं पर्यटकहरूले निकै चासो साथ नियालेको परेडमा हरेक कोणबाट जीवनको अनुभव बटुल्न नेपाल भ्रमण गर्नु पर्ने सन्देश पनि दिइएको थियो ।एनआरएनए न्यूयोर्क च्याप्टरका अध्यक्ष छिरिङ शेर्पाको अध्यक्षता भएको परेडमा मनिता गुरुङले संयोजक भूमिका निर्वाह गरेकी थिइन् । परेडका लागि नेपाली महावाणिज्य दूतावास न्यूयोर्कले सहकार्य गरेको थियो ।"
कान्तिपुरकर्मी गुरुङलाई तमुधीं यूकेको सम्मान,"लन्डन — तमू धीं यूकेले बेलायतमा कान्तिपुर लमजुङ संवाददाता आश गुरुङलाई सम्मान गरेको छ । मिचेटस्थित तमुधीं भवनमा शनिबार आयोजित एक कार्यक्रममा गुरुङलाई सम्मान गरेको हो ।तमुधीं यूकेका अध्यक्ष जुमकाजी गुरुङ, वरिष्ठ उपाध्यक्ष परशु गुरुङ, आमा समूह अध्यक्ष कमलादेवी गुरुङले क्रेगी (फेटा) बाँधिदिनुका साथै खादा लगाएर सम्मानपत्र प्रदान गरेका थिए । गुरुङ समुदायको भाषा, संस्कार र संस्कृतिको संरक्षण र संवर्द्धनमा योगदान पुर्‍याएको भन्दै संवाददाता गुरुङलाई सम्मान गरेको तमुधीं यूकेका महासचिव डा. विशाल गुरुङले बताए ।यस्तै, लमजुङ सदरमुकाम बेंसीसहरस्थित भूपू सैनिक आवासीय माविका प्रिन्सीपल विनोद गुरुङ, नेपालबाट बेलायत पुगेका कलाकारहरु शितल गुरुङ, विमला गुरुङ, विमल परियार, तिलकबहादुर गुरुङलगायतलाई पनि सम्मान गरिएको थियो ।तमुधीं यूकेले आयोजना गरेको सम्मान कार्यक्रममा संस्थाका ट्रष्टिजहरु,संस्थापक अध्यक्ष, पूर्वअध्यक्षहरु, सल्लाहकारहरु, संस्थालाई विभिन्न समय योगदान गर्ने व्यक्तिहरुलाई समेत सम्मान गरिएको उपाध्यक्ष दिलमाया गुरुङले बताइन् ।"
अस्ट्रेलियाको एडिलेडस्थित नेपाली विद्यालयले मनायो दशौं वार्षिकोत्सव,"अस्ट्रेलिया — अस्ट्रेलियास्थित एडिलेड नेपाली विद्यालयले संसद भवनमा आयोजित विशेष समारोहमार्फत आफ्नो दशौं वार्षिकोत्सव मनाएको छ ।कार्यक्रममा दक्षिण अस्ट्रेलिया सरकारकी बहुसांस्कृतिक तथा पर्यटनमन्त्री जो बेटिसनले अस्ट्रेलियास्थित नेपाली समुदाय शिक्षित एवं जागरुक भएको भन्दै प्रशंसा गरिन् । आत्मविश्वासी युवालाई आकार दिन भाषा र संस्कृतिले महत्त्वपूर्ण भूमिका खेल्ने बताउँदै उनले एडिलेड नेपाली विद्यालयका विद्यार्थीले भविष्यका लागि बलियो जग निर्माण गर्दै आफ्नो सम्पदालाई गर्वका साथ अँगालेको बताइन् ।समर्पित शिक्षक, स्वयंसेवक, अभिभावक र समुदायका सदस्यको निरन्तरको समर्पणले भाषा र संस्कृतिको क्षेत्रमा उदाहरणीय कार्य भएको बेटिसनको भनाइ छ । त्यस अवसरमा उनले विद्यालयद्वारा प्रकाशित अभ्यास पुस्तिकाको समेत अनावरण गरिन् ।दक्षिण अस्ट्रेलिया सरकारको बहुसांस्कृतिक आयोगकी सदस्य मञ्जु खड्काले विद्यालयको प्रगति प्रति खुशी व्यक्त गरिन् । कार्यक्रममा विद्यालयका विद्यार्थी, स्वयंसेवक शिक्षकसँगै दक्षिण अस्ट्रेलिया सरकारको गृह मामिला विभाग तथा बहुभाषिक विद्यालयका प्रतिनिधि लगायतको उपस्थिति थियो ।अस्ट्रेलियाली सरकारको आर्थिक सहयोगमा संचालित नेपाली भाषा विद्यालयमा विभिन्न नेपाली चाडपर्व, नेपाली रहनसहन साथै नेपाली राष्ट्रिय विभूतिको बारेमा पनि अध्यापन हुँदै आएको छ । नेपाली भाषा तथा साहित्य प्रतिको मोह र आफ्ना सन्ततिलाई नेपाली भाषा संस्कृति हस्तान्तरण गर्दै जाने उद्देश्यले २१ जना बाट सन् २०१५ मा सुरू भएको विद्यालयमा हाल १ सय ५० जना विद्यार्थी अध्ययनरत छन् ।पछिल्लो समय नेपाली भाषा संस्कृतिको प्रवर्द्धन र दोश्रो पुस्तामा यसको हस्तान्तरण प्रवासी नेपालीका लागि चुनौती नै बन्दै गएको छ । जसका कारण नेपाली समुदायको बाक्लो उपस्थिति रहेका अस्ट्रेलियाका सबै राज्य तथा क्षेत्रमा नेपाली भाषाको अध्ययन, अध्यापनको क्रम बढ्दो छ ।"
कतारमा नेपालीको कम्पनीले पायो प्रतिष्ठित अवार्ड,"कतार — कतारमा एक नेपालीले सञ्चालन गरेको कम्पनीले प्रतिष्ठित अवार्ड प्राप्त गरेको छ । महोत्तरीकी यासमिन नाजको कम्पनी क्युएसटी ट्रेनिङ एन्ड कन्सलटेन्सीले 'कतार सीएसआर अवार्ड-२०२५' अवार्ड पाएको हो ।राजधानी दोहामा बुधबार साँझ आयोजित सीएसआर समिटका अवसरमा सीएसआर प्रमुख सैफ अलि अलहजरीको हातबाट यासमिनले अवार्ड ग्रहण गरिन् । कतारका प्रधानमन्त्री तथा विदेशमन्त्री मोहम्मद बिन अब्दुलरहमान बिन जासिम अल थानीको संरक्षणमा कतार विश्वविद्यालयलगायतले यो पुरस्कार वितरण गर्छ ।सीएसआर अवार्ड कतारको सामाजिक क्षेत्रमा योगदान पुर्‍याउने कम्पनी तथा संस्थाहरूलाई प्रदान गरिन्छ । योसँगै यासमिनको कम्पनी सीएसआर अवार्ड प्राप्त गर्ने पहिलो नेपाली स्वामित्वको संस्था बनेको छ ।यासमिनको कम्पनीले कतारमा रहेका नेपालसहित भारत, फिलिपिन्स, श्रीलंका, अफ्रिकालगायतका देशका विभिन्न क्षेत्रमा कार्यरत कामदारलाई सशुल्क तथा नि:शुल्क रूपमा सिपमूलक र वृत्ति विकासका लागि तामिल प्रदान गर्ने काम गर्दै आएको छ । यो अवार्ड आफ्नो कम्पनीको मात्र नभई नेपालकै लागि गर्वको विषय भएको यासमिन बताउँछिन् । 'हामीलाई विदेशमा हेर्ने दृष्टिकोण फरक छ तर यसले हामी पनि अब्बल, सक्षम अनि सबै कुराको हकदार हौं भन्ने कुराको सन्देश दिएको छ, यो नेपालकै लागि गर्वको विषय लाग्छ ।'"
कोरियामा आत्महत्या गर्न बाध्य भएका तुलसी पुन मगरका मालिक पक्राउ,"काठमाडौँ — कोरियाको प्रहरीले नेपाली श्रमिक तुलसी पुन मगरलाई आत्महत्या गर्न बाध्य हुने गरी कुटपिट गर्नुका साथै श्रमिकहरुको तलब भुक्तान नगरेको अभियोगमा बंगुर फर्म मालिकलाई सोमबार (वैशाख १५ गते) पक्राउ गरेको छ ।प्रवासी श्रमिक युनियन (एमटियु) र छल्लानादो प्रवासी श्रमिक मानव अधिकार सस्थाको निरन्तर दबाबपछि प्रहरीले कोरियाको छल्लानाम्दो याङामगुनस्थित नान उसङ बंगुर फार्मका मालिकलाई थप अनुसन्धान गर्न पक्राउ गरेको हो । उनलाई पक्राउ गर्न एमटियु र मानव अधिकारवादी संस्थाले चैत २६ गते उजुरी दर्ता गराएका थिए । यो फर्म राजधानी सोलबाट झन्डै ३६० किलोमिटर टाढा छ ।एमटियुका अध्यक्ष उदय राईले श्रमिकमाथि भएको कुटपिट र तुलसी पुनको आत्महत्याको विषय न्यायिक निरुपणको क्रममा प्रवेश गरेको बताए । उनका अनुसार श्रम कार्यालयको अनुसन्धानबाट बंगुर फर्मका मालिकबाट २५ करोड ९० लाख वान भुक्तान नभइ श्रमिकलाई पिटेर भगाएको खुलेको छ ।गत फागुन ९ गते माग्दीको मालिका गाँउपालिका–१ निस्कोटका मगर बंगुर फार्ममा आत्महत्या गरेका थिए । उनी रोजगार अनुमति प्रणाली (ईपीएस) अन्तर्गत कृषि क्षेत्रमा काम गर्न ६ महिना अगाडि मात्रै कोरिया पुगेका थिए । उनका सहकर्मीहरु लालबहादुर तामाङ, प्रेमबहादुर तामाङ, रुकबहादुर सिंह, सुरेन्द्र थिङ, घनश्याम घिमिरे र तुलसी पुन मगरले आफूहरूमाथि यातना भइरहेकाले बंगुर फर्मबाट बाहिर निस्कन चाहेको भिडियो सार्वजनिक गरेका थिए । त्यसको केही दिनमै मगरले आत्महत्या गरेका थिए ।‘म यहाँ आएको दुई महिना नपुग्दै चार पटक कुटाइ खाइसकेँ । एक्ला–एक्लै सीसीक्यामरा नभएको ठाउँमा लगेर कुट्छ,’ लालबहादुरले भिडियोमा अपिल गरेका थिए, ‘त्यही भएर म यो कम्पनीमा बस्न चाहन्नँ । दैनिक यातना दिन्छ ।’ भिडियोमा तुलसीले पनि आफूमाथि कुटपिट भइरहेको बताएका थिए । ‘हाम्रो समस्या एउटै हो । हामीलाई उद्धार गर्नुहोला,’ तुलसीले भनेका थिए । तर, उनी न कम्पनी छाडेर बाहिर निस्कन सके न नेपाल नै फर्कन सके । आत्महत्याको बाटो रोज्न पुगे ।मगरको आत्महत्या पछि फागुन १२ गते राजधानी सोलबाट कम्पनीमा रहेका नेपाली श्रमिकका विषयमा नेपाली दूतावासका श्रम काउन्सिलर मैया कँडेल, कोरियाको आधिकारिक प्रवासी ट्रेड युनियन (एमटीयू) का अध्यक्ष उदय राई, गैरआवासीय नेपाली संघ, कोरियाका अध्यक्ष विपिनकुमार गुरुङ पुगेका थिए । उनीहरूसमक्ष पीडित श्रमिकले नेपाली सुपरभाइजर सुजन शाह र कोरियन रोजगारदाता मिलेर सीसीक्यामेराले नदेख्ने कुनामा लगेर कुट्ने, मोबाइल बोक्न नदिने, कम्पनीबाट बाहिर निस्कन नदिने गरेको भन्दै दोषीमाथि कारबाही गर्नुपर्ने माग राखेका थिए ।"
अस्ट्रेलियाकाे राजनीतिमा पकड बनाउन खोज्दै नेपाली मूलका अस्ट्रेलियाली,"अस्ट्रेलिया — आसन्न मे ३ मा हुने अस्ट्रेलियाको संसदीय निर्वाचनमा अघिल्ला वर्षजस्तै यसपाला पनि नेपाली मूलका अस्ट्रेलियाली उम्मेदवार मैदानमा देखिएका छन् । मताधिकार प्रयोग गर्न पाउने नेपाली मूलका अस्ट्रेलियालीको जनसंख्या बढेसँगै राजनीतिक वृत्तमा पकड जमाउन उनीहरु अग्रसर देखिएका हुन् । यसपालाको केन्द्रीय निर्वाचनमा सिड्नी निवासी नेपाली मूलका युवा विनोद पौडेल प्रमुख प्रतिपक्षी दल लिबरलको तर्फबाट म्याकाथर निर्वाचन क्षेत्रका लागि संसदीय उम्मेदवारका रूपमा मैदानमा देखिएका छन् ।नेपाली मूलका अस्ट्रेलियालीहरु उम्मेदवारका रुपमा देखा परेको यो पहिलोपटक भने होइन । यसअघि पश्चिम अस्ट्रेलियाबाट भुवन खड्का, सिड्नीबाटै प्रमेज श्रेष्ठले अस्ट्रेलियाका ठूला पार्टीका तर्फबाट निर्वाचनमा प्रतिस्पर्धा गरिसकेका छन् । यसका साथै न्यु साउथ वेल्सस्थित राज्यको संसदीय निर्वाचनमा सिड्नीका एलेक्स कार्की लेबर उम्मेदवारका रुपमा केलिभिल निर्वाचन क्षेत्रबाट, ज्योसना पौडेल क्याम्पेलटाउन क्षेत्रका लागि लिबरल उम्मेदवारका रुपमा उठेका थिए भने स्नेहा केसी क्यानबेराबाट उम्मेदवार बनेकी थिइन् ।अहिलेसम्म कसैले जित हासिल नगरे पनि अस्ट्रेलियाली राजनीतिमा नेपाली मूलका मानिसको उपस्थिति र पकड पछिल्लो समयमा बाक्लिँदै गएको छ ।अहिले अस्ट्रेलियामा अनुमानित २ लाखभन्दा बढी नेपाली बसोबास गरिरहेका छन् । जसमध्ये यहाँ नागरिकता लिएका नेपालीको संख्यासमेत उल्लेख्य रुपमा बढिरहेकाले अस्ट्रेलियाका ठूला राजनीतिक दलको रोजाइमा नेपाली पर्न थालेका हुन् ।अघिल्लोपटक पनि विनोद पौडेल म्याकाथर निर्वाचन क्षेत्रबाटै उम्मेदवार बनेका थिए । त्यतिबेला उनी अघिल्लो दुई कार्यकालदेखि नै निरन्तर विजयी बनिरहेका माइकल फ्रिल्यान्डरसँग करिब १७ हजार भोट अन्तरले पराजित भएका थिए । तर यसपाला अवस्था फेरिएको भन्दै उनी विजयी हुनेमा दाबी गर्छन् ।अहिलेसम्म कसैले जित हासिल गर्न नसकेको भए पनि नेपाली मूलका व्यक्तिहरुले राजनीतिमा यो अवसर पाउनुलाई नेपालीको पकड बढ्दै गएका रुपमा विश्लेषण गरिएको छ ।सन् २०१९ को निर्वाचनमा श्रेष्ठले तत्कालीन सत्तारुढ दल लिबरलबाट सिड्नीको बार्टन निर्वाचन क्षेत्रमा टिकट पाएका थिए । तर उनले पनि आदिवासी नेतृ लिन्डा बर्नीसँग करिब १४ हजार मतान्तरले पराजय भोगे । त्यसैगरी नेपाली मूलकै खड्काले समेत तेस्रो ठूलो पार्टी ग्रिनबाट संसदीय निर्वाचन लडेका भए पनि जित हासिल गर्न सकेनन् ।सन २००० को सुरुवातदेखि बाक्लिएको नेपालीको प्रभाव करिब ३ दशकको अवधिमा नै यो अवस्थामा आइपुग्नुलाई अस्ट्रेलियामा सामाजिक सफलताका रुपमा लिइएको छ । संघीय निर्वाचनमा मात्र नभएर अस्ट्रेलियाका विभिन्न राज्यका काउन्सिलमा समेत नेपालीले आफ्नो पकड बनाइरहेका छन् । विशेष गरेर नेपाली मूलका महिला यहाँका काउन्सिलमा सदस्यका रुपमा आफूलाई उभ्याउन सफल बनिसकेका छन् । अहिले दक्षिण अस्ट्रेलियामा रेणुका लामा, सिड्नीमा भद्र वाइबा र सुकृति भट्ट काउन्सिल सदस्यका रुपमा निर्वाचित भइसकेका छन् ।पीआरपछि यहाँको नागरिकता लिएर मतदानको अधिकार लिने नेपाली मूलका मतदाताको संख्या बढेसँगै यहाँका प्रधानमन्त्री, प्रिमियर, विपक्षी दलका नेताले नेपालीलाई विभिन्न सन्दर्भमा बधाई तथा शुभकामना दिने क्रमसमेत बढ्न थालेको छ । नेपाली नयाँ वर्ष, दसैंतिहार लगायतका नेपाली पर्वको अवसर पारेर शुभकामना दिने क्रम सामान्य बन्न थालिसकेको छ । यसको मुख्य उद्देश्य नेपाली मूलका नागरिकसँग सम्बन्ध स्थापित गर्ने मात्र नभएर मतदातालाई आफूतिर आकर्षित गर्नेसमेत रहेको हुन्छ ।एक दशकअघि यहाँको केन्द्रीय सरकारको सल्लाहकार सुझाव समितिमा रहेर काम गरिसकेका महेन्द्र लम्साल नेपालीको पकड र महत्व यहाँको राजनीतिमा बढ्नु अनौठो नभएको सुनाउँछन् । जनसंख्या बढेसँगै सम्बन्ध विस्तार हुनु र यहाँको राजनीतिक दलको प्राथमिकतामा बिस्तारै पर्नु सामान्य भएको उनको भनाइ छ । अर्कोतिर हरेक दिन बिहानैदेखि मतदातासँग भोट माग्न हिँडिरहेका पौडेल भने यहाँका ठूला राजनीतिक दलले नेपाली मूलका युवालाई विश्वास गर्नु यहाँ रहेका नेपाली मात्र नभएर समग्र नेपालकै लागि गर्वको विषय भएको बताउँछन् । आफूले जिते सबै समुदायका लागि काम गर्ने र नेपाल तथा अस्ट्रेलियाको द्विदेशीय सम्बन्ध विस्तारमा पुर्‍याउन सक्ने सबै योगदानमा दत्तचित्त भएर लाग्ने उनको भनाइ छ ।नेपाली राजदूत चित्रलेखा यादवसमेत नेपालीको बढ्दो राजनीतिक पकड र उपस्थितिलाई सकारात्मक र उल्लेखनीय भएको बताउँछिन् । उनी त नेपाली मूलका उम्मेदवारलाई जिताउन सबै लाग्नुपर्ने विचार व्यक्त गर्छिन् । ‘हाम्रो विचार र आस्था अलग हुन सक्छ तर अस्ट्रेलियाली राजनीतिमा प्रवेश पाउन सक्ने यो अवसरलाई सबैले मनन गरेर उम्मेदवारलाई सहयोग गर्नुपर्छ,’ उनले भनिन् । नेपाली मूलको नागरिकलाई अस्ट्रेलियाको संसद्‌जस्तो स्थानमा प्रतिनिधित्व गर्ने अवसर आएको र यो नै महत्वपूर्ण भएको उनको भनाइ छ ।"
त्रिविमा तोडफोड गर्ने विद्यार्थी नेताहरूविरुद्ध जाहेरी दर्ता,"काठमाडौँ — त्रिभुवन विश्वविद्यालयको उपकुलपति सचिवालयमा तोडफोड गर्ने विद्यार्थी नेताहरूविरुद्ध जाहेरी दर्ता भएको छ। विश्वविद्यालयमा मर्यादाविपरीत कार्य गर्नेहरूविरुद्ध प्रशासनले कारबाही प्रक्रिया अघि बढाएको हो।गत साता २०-२५ जनाको समूहले विश्वविद्यालयका उपकुलपतिको कार्यालयमा प्रवेश गरी सचिवालयमा तोडफोड गर्ने, हानी नोक्सानी पुर्‍याउने कार्य गरेको र केन्द्रीय पदाधिकारीहरूलाई भौतिक रुपमा आक्रमण गर्ने गरी फोनमार्फत धम्की दिने, सामाजिक सञ्जालको प्रयोग गरी पदाधिकारीको चरित्र हत्या जस्ता कार्य भएको थियो।यस्ता कार्य गर्नेहरूलाई राजनीतिक आडमा उन्मुक्ति दिने गरिएको भन्दै विरोधहुँदै आएको छ।उक्त गतिविधिमा संलग्न व्यक्तिहरूलाई कानुनबमोजिम कारबाही र भौतिक सम्पत्तिको हानी नोक्सानीको क्षतिपूर्ति भराउन आवश्यक प्रक्रिया अगाडि बढाइएको त्रिभुवन विश्वविद्यालय रजिष्टारको कार्यालयले जनाएको छ।त्रिविले सार्वजनिक सम्पत्ति तोडफोडमा संलग्नलाई प्रचलित कानुनबमोजिम कारबाही गर्न पटक पटक गृह मन्त्रालयलगायत सम्बन्धित निकायलाई आग्रह गरे पनि संलग्नलाई उन्मुक्ति दिने गरिएको हो । यसपटक भने जाहेरी दर्ता भइसकेको भन्दै त्यस्तो गतिविधिमा संलग्नहरूलाई कारबाहीको दायरामा ल्याउन सम्बन्धित सबै पक्षसँग विश्वविद्यालय प्रशासनले आग्रह गरेको छ।"
शिक्षाको बजेट झन्झन् घट्दो,"काठमाडौँ — सार्वजनिक शिक्षामा लगानी बढाउन सरकार अनुदार देखिएको छ । शिक्षामा राज्यको लगानी कुल बजेटको २० प्रतिशत पुर्‍याउने प्रतिबद्धतासहित निर्वाचन जितेर आएका राजनीतिक दलहरु सत्तामा पुग्दा बजेट भने ११ प्रतिशत हाराहारीभन्दा वृद्धि हुन सकेको छैन ।अर्थमन्त्री विष्णु पौडेलले बिहीबार ल्याएको बजेटमा शिक्षा क्षेत्रमा २ खर्ब ११ अर्ब १७ करोड विनियोजन गरिएको छ । यो कुल बजेटको १०.७५ प्रतिशत मात्रै हो । चालु आर्थिक वर्षमा शिक्षामा १०.९५ प्रतिशत बजेट छुट्याइएको थियो । विद्यालय शिक्षा ऐन जारी हुने प्रक्रियामा रहेकाले सार्वजनिक शिक्षा सुधार गर्न राज्यको दायित्व थप गर्नुपर्ने मागविपरीत यसपालि बजेटमा झनै गिरावाट आएको देखिन्छ । आव ०८०/०८१ मा शिक्षामा ११.२७ प्रतिशत बजेट विनियोजन भएको थियो ।शिक्षामा बजेटकाठमाडौं विश्वविद्यालय स्कुल अफ एजुकेसनका डिन बालचन्द्र लुइँटेलले सार्वजनिक शिक्षा सुधारका लागि सरकारले बजेटमा स्पष्ट खाका ल्याउन नसकेको बताए । ‘परम्परागत हिसाबकै बजेट आयो । सिकाइ सुधार गर्नेमा बजेट देखिँदैन । गुणस्तर शिक्षक उत्पादनमा अनुदार देखिन्छ,’ उनले भने, ‘सार्वजनिक शिक्षा सुधार गर्ने खाका पनि सरकारले ल्याउन सकेन । विद्यालय शिक्षा ऐनको मस्यौदाले पनि लगानी मागेको छ । सरकारको प्रतिबद्धता देखिएन । फड्को मार्ने बजेट देखिएन ।’अर्थमन्त्री पौडेलले केही नयाँ, अधिकांश पुराना र केही पहिला नै घोषणा भए पनि पूरा हुन नसकेका कार्यक्रमसहित बजेट वक्तव्य प्रस्तुत गरे । १ सय सामुदायिक विद्यालयमा शैक्षिक नतिजामा आधारित प्रोत्साहन कार्यक्रम सञ्चालन गरिने उनले बताए । कार्यक्रमअनुसार प्रत्येक जिल्लामा कम्तीमा एक विद्यालय पर्ने गरी प्रतिविद्यालय २५ लाख उपलब्ध गराइनेछ । ती विद्यालयले अन्य विद्यालयको नतिजा सुधारका लागि सहयोग गर्ने व्यवस्था मिलाइनेछ । नमुना विद्यालय कार्यक्रम सोही मोडलमा सञ्चालन थियो । देशभर ४ सय २२ वटा नमुना विद्यालय घोषणा गरिएको छ । निर्माणाधीन नमुना विद्यालयको निर्माण पूरा गर्ने उनले जनाए ।सामुदायिक विद्यालय समायोजन गर्ने र शिक्षक दरबन्दी पुनरावलोकन गर्ने विगतकै कार्यक्रमलाई निरन्तता दिइएको छ । सामुदायिक र संस्थागत विद्यालयका सफल व्यवस्थापन अभ्यासलाई अन्य सामुदायिक विद्यालयको गुणस्तर सुधारका लागि सदुपयोग गरिने बजेटमा उल्लेख छ । सरकारले प्रस्तुत गरेको नीति तथा कार्यक्रममा निजी विद्यालयसँगको सहकार्यमा सामुदायिक विद्यालय सुधार गर्ने घोषणा गरेपछि त्यसको आलोचना भएको थियो । सरकारले भाषा फेरेर बजेटमा पनि उक्त बुँदा समेटेको र निजी मात्र राम्रा छन् भन्ने भाष्य स्थापना गर्न लागेको डिन लुइँटेलले बताए ।बजेटमा अंग्रेजी, विज्ञान र गणित विषयका शिक्षक अभाव हुन नदिन विश्वविद्यालयसँगको सहकार्यमा शिक्षक बैंक स्थापना गरिने, स्नातक तह उत्तीर्ण विद्यार्थीलाई स्वयंसेवक शिक्षकको भूमिकामा परिचालन गरिने उल्लेख छ । शिक्षक बैंक स्थापनाको अभ्यास स्थानीय तहले गर्दै आएका छन् । स्वयंसेवक शिक्षक पुरानै कार्यक्रम भए पनि कार्यान्वयन हुन सकेको छैन ।एसईई सञ्चालन तथा व्यवस्थापन प्रदेश तहबाट गर्ने प्रबन्ध मिलाइने अर्थमन्त्री पौडेलले बताए । संसद्को शिक्षा समितिमा विचराधीन विद्यालय शिक्षा विधेयकको उपसमितिमा सांसदहरुबीच एसईई परीक्षा सञ्चालन गर्नेमा सहमति जुटेको छ । विद्यालय तहको अन्तिम परीक्षा कक्षा १२ मा सञ्चालन गर्नेमा सांसदहरु एकमत देखिएका छन् ।कक्षा ५ सम्मका विद्यार्थीलाई उपलब्ध गराइने दिवा खाजा र छात्रालाई निःशुल्क सेनेटरी प्याड वितरण कार्यक्रमलाई बजेटमा निरन्तरता दिएको छ । २८ लाख बालबालिकाको खाजाका लागि १० अर्ब १९ करोड र १३ लाख छात्रालाई निःशुल्क प्याड वितरण गर्न १ अर्ब २९ करोड विनियोजन गरिएको छ । लक्षित समुदाय र विकट हिमाली जिल्लाका विद्यार्थीलाई प्रदान गरिँदै आएको छात्रवृत्ति निरन्तरता दिइने बजेटमा उल्लेख छ । मुसहर, डोम, चमार समुदायका विद्यार्थीलाई चिकित्सातर्फको उच्च शिक्षामा उत्प्रेरणा छात्रवृत्ति प्रदान गरिने कार्यक्रम कायमै छ । छात्रवृत्तिका लागि २ अर्ब ४४ करोड विनियोजन गरिएको पौडेलले बताए ।सामुदायिक विद्यालयमा कार्यरत प्रारम्भिक बालविकास सहयोगी कार्यकर्ता (ईसीडी शिक्षक) र विद्यालय कर्मचारीको पारिश्रमिकबापत १० अर्ब १६ करोड विनियोजन गरिएको छ । विद्यालय शिक्षामा भर्चुअल शिक्षण प्रणालीलाई उपयोग गरिने उनले घोषणा गरे । शिक्षा मन्त्रालयले कोभिड महामारीदेखि नै ‘सिकाइ चौतारी’ नामक पोर्टल सञ्चालन गर्दै आएको छ ।अपांगता भएका विद्यार्थीलाई आधारभूत तहको शिक्षा पूरा गर्न छात्रावासको प्रबन्ध मिलाउने बजेटमा उल्लेख छ । राष्ट्रिय नियमन मापदण्ड तयार गरी निजी विद्यालयको प्रभावकारी अनुगमन गरिने अर्थमन्त्री पौडेलले बताए । राष्ट्रपति शैक्षिक सुधार कार्यक्रमलाई परिमार्जन गरी सरकारले राष्ट्रिय शैक्षिक सुधार कार्यक्रम सञ्चालन गर्ने भएको छ । शिक्षाको कार्यक्रम स्थानीय तहमा पुगे पनि केन्द्रबाट यस्ता प्रकृतिको कार्यक्रम सञ्चालन गर्दै पहुँचका आधारमा बजेट बाँड्ने गरिएको भन्दै आलोचना हुँदै आएको छ । कार्यक्रमका लागि २ अर्ब ७२ करोड विनियोजन गरिएको छ । उक्त कार्यक्रमअन्तर्गत तराई मधेसमा १ हजार ५ सय, पहाडमा १ हजार, हिमालमा ५ सयभन्दा बढी विद्यार्थी भएका विद्यालयको भौतिक पूर्वाधार निर्माण गरिने बजेटमा उल्लेख छ ।उच्च शिक्षातर्फको बजेटमा पनि खासै नवीनता देखिँदैन । उच्च शिक्षासम्बन्धी छाता ऐन निर्माण गरी विश्वविद्यालय सञ्चालनमा एकरूपता कायम गरिने विषयले यसपालि पनि निरन्तरता पाएको छ । ‘अध्ययनका लागि मुलुकबाहिर जाने प्रवृत्ति कमी ल्याउन र रोजगार बजारअनुसारको जनशक्ति विकास गर्न जोड दिइनेछ । विश्वविद्यालयका विभाग एवं संकायहरु पुनर्संरचना गरिनेछ,’ बजेटमा भनिएको छ ।विश्वविद्यालय अनुदान आयोगको पुनर्संरचना गरी उच्च शिक्षाको नियमकारी निकाय बनाउने पनि विगतकै सरकारका कार्यक्रम हो । विद्यार्थी संख्या, शैक्षिक गुणस्तर, पूर्वाधारको आवश्यकताका आधारमा मात्र विश्वविद्यालयलाई अनुदान उपलब्ध गराउने बजेटमा उल्लेख छ । शैक्षिक सत्रअगावै शैक्षिक क्यालेन्डर प्रकाशित गर्ने, कार्यान्वयनको अनुगमन गर्ने र पालना नगर्ने विश्वविद्यालयको अनुदान रोक्ने व्यवस्था गर्ने अर्थमन्त्री पौडेलले बताए । त्रिभुवन विश्वविद्यालयलगायत विश्वविद्यालयले क्यालेन्डर लागू गरिसकेका छन् ।मदन भण्डारी विज्ञान तथा प्रविधि, विदुषी योगमाया हिमालयन आयुर्वेद विश्वविद्यालयको भौतिक पूर्वाधार निर्माण र सहिद दशरथचन्द्र स्वास्थ्य विज्ञान विश्वविद्यालय सञ्चालनमा ल्याउने बजेटमा उल्लेख छ । विश्वविद्यालयमा विदेशी विद्यार्थी आकर्षित गर्नर्र् नीति अघि सारिएको छ । उच्चस्तरीय आर्थिक सुधार सुझाव आयोगको सिफारिसबमोजिम मेडिकल शिक्षामा प्रदान गरिँदै आएको छात्रवृत्तिलाई गरिब, जेहेनदार, अति दुर्गम क्षेत्रका विद्यार्थी लक्षित बनाइने बजेटमा समावेश छ । अहिले यसबाहेक पनि मेरिटका आधारमा विद्यार्थीले छात्रवृत्ति पाउँदै आएका छन् ।बर्दिबास, बुटबल, सुर्खेत र डडेल्धुरामा मेडिकल कलेजको पूर्वाधार निर्माण गर्न ५६ करोड विनियोजन गरिएको छ । सरकारले दशकअघि प्रत्येक प्रदेशमा सरकारी मेडिकल कलेज स्थापना गर्ने घोषणा गरे पनि न्यून बजेटका कारण योजना पूरा हुन सकेको छैन । चिकित्साशास्त्र, इन्जिनियरिङ, सूचना प्रविधि, नर्सिङलगायतका प्राविधिक विषयमा जनशक्तिको अभाव हुन नदिन विद्यामान मापदण्ड पुनरावलोकन गरी अध्ययन कोटा वृद्धि गरिने बजेटमा उल्लेख छ । प्रधानमन्त्री केपी शर्मा ओलीले निजी मेडिकल कलेज सञ्चालकसँग सिट वृद्धि गर्ने सहमति गरेका थिए । मापदण्डका आधारमा स्वचालित प्रक्रियाबाट हुने सिट निर्धारणमा सरकार र प्रधानमन्त्री तहबाट हस्तक्षेप हुने गरेको भन्दै आलोचना हुँदै आएको छ ।उच्च शिक्षा अध्ययन गर्न नसकेका करिब २७ हजार युवालाई छोटो अवधिको तालिम दिने र प्रत्येक प्रदेशमा नुमना प्राविधिक शिक्षालय सञ्चालन गर्ने घोषणा बजेटमार्फत गरिएको छ । सेवाको प्रकृतिका आधारमा सार्वजनिक निकायमा इन्टर्न परिचालन गरिने नीति तथा कार्यक्रमा उल्लेखित विषयले बजेटमा पनि प्राथमिकता पाएको छ । ‘उद्यमशीलतामैत्री शिक्षालाई प्रोत्साहन गर्न हप्तामा २० घण्टा कामको न्यूनतम ज्यालासहित कमाउँदै पढ्दै कार्यक्रम सञ्चालन गरिनेछ,’ अर्थमन्त्री पौडेलले भने ।बजेटका मुख्य विषय"
चिकित्सा शिक्षामा विद्यार्थी सिट संख्या बढाइने,"काठमाडौँ — सरकारले चिकित्सा शास्त्रलगायत इजिन्यिरिङ, सूचना प्रविधि र नर्सिङमा भर्ना हुने विद्यार्थीको सिट संख्या वृद्धि गर्ने जनाएको छ । बिहीबार संसद्‍मा आगामी आर्थिक वर्षको बजेट प्रस्तुत गर्दै अर्थमन्त्री विष्णु पौडेलले यी क्षेत्रमा विद्यार्थीको सिट संख्या बढाइने बताएका हुन् ।‘चिकित्सा, इन्जिनियरिङ, नर्सिङ, सूचना प्रविधिलगायतका विषयमा जनशक्ति अभाव हुन नदिन विद्यमान मापदण्ड पुनरावलकोन गरी अध्ययन कोटा वृद्धि गरिनेछ,’ अर्थमन्त्री पौडेलले भने । उच्चस्तरीय आर्थिक सुधार कार्यदलको सुधारअनुसार मेडिकल शिक्षामा प्रदान गरिँदै आएको छात्रवृत्तिलाई गरिब जेहेन्दार, अति दुर्गम क्षेत्रका विद्यार्थी लक्षित बनाइने बजेटमा उल्लेख छ ।बर्दिबास, बुटवल, सुर्खेत, डडेलधुरामा निर्माणधीन र प्रस्तावित मेडिकल कलेजको पूर्वाधार अघि बढाउन ५६ करोड विनियोजन गरिएको छ । मदन भण्डारी प्राविधिक, योगमाया आयुर्वेदिक विश्वविद्यालयको र पूर्वाधार निर्माण गरिने र सहिद दशरशचन्द्र चिकित्सा विश्वविद्यालय सञ्चालन गरिने सरकारले घोषणा गरेको छ ।"
विद्यालयमा मारवाडी युवा मञ्चको सहयोग,"जनकपुर — मारवाडी युवा मञ्च जनकपुरले गरिब, निम्नवर्ग तथा विपन्न विद्यार्थी अध्ययनरत धनुषाको एक विद्यालयमा बुधबार शैक्षिक र खेलकुद सामग्री वितरण गरेको छ ।मुखियापटी मुसर्निय गाउँपलिकको खतवैयास्थित विद्यालयमा अध्यनरत २५ जना विद्यार्थीलाई झोला, कापी, पेन्सिल लगायतका सामग्री वितरण गरिएको छ ।मारवाडी मञ्चका अध्यक्ष राहुल सिंघानियाका अनुसार विद्यार्थीलाई खेलकुद सामग्रीमा फुटबल, क्यारम बोर्ड, लुडो र ब्याडमिन्टनसमेत वितरण गरिएको छ ।विद्यालयकी शिक्षिका विमला साहले पढाउनका लागि मारवाडी युवा मञ्चले ह्वाइट बोर्ड, डस्टर र मार्करसमेत हस्तान्तरण गरेको बताइन् ।मञ्चका अध्यक्ष सिंघानियाले विद्यालयमा विद्यार्थीको लागि डेस्क बेन्च नहुँदा भुइँमा बसेर पढ्नुपर्ने बाध्यता रहेकाले बस्नका लागि त्रिपाल र वर्षाको सिजन भएकाले हरेक विद्यार्थीलाई छातासमेत वितरण गरिएको जानकारी दिए ।"
नेविसंघबाट निर्वाचित स्ववियु अध्यक्षसहितले गरे त्रिवि उपकुलपति कार्यकक्षमा तोडफोड [अपडेट],"काठमाडौँ — सत्तारुढ कांग्रेसनिकट नेविसंघबाट स्ववियुमा निर्वाचित अध्यक्षसहितका कार्यकर्ताले बुधबार  त्रिभुवन विश्वविद्यालय उपकुलपति कार्यालयमातोडफोड गरेका छन् । निमित्त उपकुलपति खड्ग केसी त्रिवि शिक्षण अस्पताल गएका बेला पुगेका विद्यार्थीको समूहले कार्यकक्ष तोडफोड गरी फर्केको कर्मचारीहरूले बताएका छन् ।विद्यार्थीहरूले तोडफोडपछि विज्ञप्तिसमेत टाँसेका छन् । जसमा पदमकन्या क्याम्पसमा नेविसंघका वागी उम्मेदवारका रूपमा विजयी स्ववियु अध्यक्ष भुपीश्वरी ऐर, पाटन क्याम्पसमा नेविसंघबाट निर्वाचित अध्यक्ष रोहित कपालीलगायतको नाम उल्लेख छ ।भक्तपुर क्याम्पसका स्ववियु सभापति पुकार पराजुली, शंकरदेव क्याम्पसका नेविसंघ कार्यकर्ता भुवन ओझा, पब्लिक युथका सन्तोष श्रेष्ठ, सरस्वती क्याम्पसका मुस्कानराज गौतम, मदनराज उपाध्याय, रोहित पराजुलीलगायत १५/२० जनाको समूहले तोडफोड गरेको उपकुलपति कार्यालयले जनाएको छ । उपकुलपति कार्यकक्षमा भएको तोडफोडबाट कुर्ची, टेबल, सिसालगायत सरसामानमा क्षति पुगेको कर्मचारीले बताए ।विद्यार्थीहरूले स्ववियु निर्वाचनका लागि गत फागुनमा रोकिएको स्नातक र स्नातकोत्तर तहको भर्ना खुलाउनुपर्ने माग राख्दै आएका छन् । भर्ना नखुलेको भन्दै असन्तुष्ट विद्यार्थीले तोडफोड गरेको त्रिवि स्रोतले जनाएको छ । विज्ञप्तिमा स्ववियु निर्वाचनपछि भर्ना हुने विद्यार्थीको अधिकार खोसिएको आरोप लगाएको छ । त्रिविले भने निर्वाचनका कारण भन्दा पनि शैक्षिक क्यालेन्डरअनुसार यस वर्षको भर्ना स्थगित गरिएको जनाएको छ ।उपकुलपति केसीले क्यालेन्डरअनुसार गत भदौदेखि भर्ना भएका विद्यार्थीले परीक्षा आवेदन फाराम समेत बुझाइसकेकाले यस वर्षका लागि पुनः भर्ना खोल्न नसकिने बताए । त्रिविले क्यालेन्डर जारी गर्दै तोकिएको समयमा मात्र भर्ना, पठनपाठन, परीक्षा सञ्चालन र नतिजा प्रकाशन गर्ने नीति तय गरेको छ । जतिबेला पनि विद्यार्थी भर्ना लिँदा समयमा परीक्षा र नतिजा प्रकाशन गर्न नसकिने पदाधिकारीहरूको भनाइ छ ।पद्यकन्या र पाटनका स्ववियु अध्यक्षले भने- ‘तोडफोडमा संलग्न छैन’पद्यकन्या र पाटन क्याम्पसका स्ववियु अध्यक्षले त्रिभुवन विश्वविद्यालय उपकुलपति कार्यालयमा बुधबार भएको तोडफोडमा आफ्नो संलग्नता रहेको बताएका छन् ।इकान्तिपुरसँग कुराकानी गर्दै पद्यकन्या क्याम्पसका स्ववियु अध्यक्ष भुमिश्वरी ऐर र पाटन क्याम्पसका अध्यक्ष रोहित कपालीले तोडफोड हुन थालेपछि असहमति जनाउँदै फर्केको बताए । ‘म तोडफोडको विपक्षमा छु । तोडफोड गर्न थालेपछि निस्किएको हो । चित्त बुझेन । हामी उपकुलपतिले भेट्न बोलाएपछि गएको हो । केही नेविसंघका विद्यार्थीले तोडफोड गर्न थालेपछि फर्कियौं,’ उनले भनिन् ।कपालीले पनि उपकुलपति खड्ग केसीलाई भेट्न गए पनि त्यसअघि नै तोडफोड हुन थालेपछि फर्किएको बताए । उनले भने, ‘तोडफोडमा मेरो संलग्नता छैन, आफ्नो माग राख्न गएको हो, नेविसंघबाट निर्वाचित अधिकांश स्ववियु अध्यक्षहरु गएका थियौं । विद्यार्थीहरुले तोडफोड गर्न थाले । त्यसमा हाम्रो सहमति छैन ।’"
दक्षिण कोरियाको अध्ययन अनुमति रोक्ने निर्णय कार्यान्वयन नगर्न सर्वोच्चको आदेश,"काठमाडौँ — सर्वोच्च अदालतले दक्षिण कोरियाको अध्ययन अनुमति रोक्ने सरकारको निर्णय तत्काल कार्यान्वयन नगर्न अन्तरिम आदेश गरेको छ । न्यायाधीश सुनिल पोखरेलको एकल इजलासले आज दक्षिण कोरियामा अध्ययन गर्न आवश्यक वैदेशिक अध्ययन अनुमति (एनओसी) रोक्ने सरकारको निर्णय तत्काल कार्यान्वयन नगर्न अन्तरिम आदेश गरेको हो ।आदेशमा भनिएको छ, “शैक्षिकसत्र प्रारम्भ भइसकेको अवस्थालाई विचारै नगरी दक्षिण कोरियामा अध्ययन गर्न जाने विद्यार्थीलाई अनुमति दिने कार्य स्थगित गरिएको भन्ने विपक्षी मन्त्रालयको मिति २०८२/१/२८ मा भएको निर्णय तथा सो निर्णयका आधारमा प्रकाशित मिति २०८२/१/३० को सूचना कार्यान्वयन नगर्नू ।”आदेशमा सम्पूर्ण प्रक्रिया पूरा गरी छात्रवृत्तिसमेत प्राप्त गरिसकेका विद्यार्थीहरूको अनुमति रोक्ने निर्णयले उनीहरूलाई अपूरणीय क्षति पुग्ने हुँदा रिट निवेदनको अन्तिम किनारा नलाग्दासम्म उक्त सूचना कार्यान्वयन नगर्न भनिएको छ ।सरकारको उक्त निर्णयविरुद्ध शिक्षा, विज्ञान तथा प्रविधि मन्त्रालयलाई विपक्षी बनाइ पीडित विद्यार्र्थी एलिजा पाण्डेसहितले दायर गरेको रिट निवेदनमाथि प्रारम्भिक सुनुवाइ गर्दै उक्त आदेश गरिएको हो ।आदेशमा १५ दिनभित्र कारणसहित लिखित जवाफ पेस गर्न भनिएको छ ।"
"उच्च शिक्षा बहसमा पूर्व उपकुलपतिहरूले भने, ‘हचुवामा विश्वविद्यालय खोल्न रोक्नुपर्छ’","काठमाडौँ — सत्तारुढ नेपाली कांग्रेसको शिक्षा विभागले गरेको उच्च शिक्षाका आयाम विषयक नीति बहसमा त्रिभुवन विश्वविद्यालयका पूर्व उपकुलपति लगायत विज्ञहरूले सरकारसँग उच्च शिक्षाको स्पष्ट खाका चाहिने बताएका छन् ।सोमबार काठमाडौँमा आयोजित बहसमा पूर्व उपकुलपति केदारभक्त माथेमाले सरकारले उच्च शिक्षा हचुवाको भरमा चलेको बताए । योजना र आवश्यकता बिनै विश्वविद्यालयहरूको संख्या थपिँदै गएको उनको भनाइ थियो।‘कहाँ, कति वटा, कस्तो विश्वविद्यालय स्थापना गर्ने पूर्व तयारी हुनुपर्छ,’ माथेमाले भने, ‘अहिले त राजनीतिक लबिङको आधारमा विश्वविद्यालय खुल्न थाले।’ राजनीतिक भनसुनकै भरमा विश्वविद्यालय स्थापना हुनु लोकतन्त्रका लागि खतरा हुने समेत उनले औँल्याए ।पूर्व प्रधानमन्त्री शेरबहादुर देउवा र शिक्षामन्त्री रघुजी पन्त सहभागी कार्यक्रममा उनले विश्वविद्यालयलाई बोर्ड अफ ट्रस्टी मोडलबाट सञ्चालन गर्न र त्रिभुवन विश्वविद्यालयलाई पुनः संरचना गर्न सुझाव समेत दिए ।‘२०४९ सालमा म उपकुलपति हुँदा त्रिविको ऐन बनेको हो । त्यति बेला बोर्ड अफ ट्रस्टी मोडल राख्न ध्यान पुगेन । अहिले पनि त्यही ऐनले चलेको छ । अब बोर्ड अफ ट्रस्टी मोडलमा लैजानुपर्छ,’ उनले भने, ‘त्रिवि धेरै ठुलो भयो । यसलाई कोल्टे फेर्न पनि १० औँ वर्ष लाग्ने जस्तो भत्ता भयो । पुनर्संरचना गरेर लैजानुपर्छ ।’विश्वविद्यालयलाई सरकार र राजनीतिबाट टाढा राख्न ट्रस्टीमा जानुपर्ने उनले तर्क गरे । ‘राजनीतिको गोलमालबाट विश्वविद्यालय टाढा हुनुपर्छ । सरकार र पार्टीको हस्तक्षेप हुनु हुन्न । विश्वविद्यालय त प्राज्ञहरूको गणतन्त्र हो,’ उनले भने ।विश्वविद्यालयको स्वामित्व विश्वविद्यालयकै प्राज्ञमा भए मात्रै सुधार र गुणस्तरीय शिक्षा सम्भव रहेको उनले सुनाए । ‘सरकारको काम विश्वविद्यालयमा लगानी मात्र गर्ने हो । त्यसलाई सञ्चालन गर्ने प्राज्ञहरूले नै हो,’ माथेमाले भने । विश्वविद्यालयले सम्बन्धन बाँड्ने प्रणाली पनि घातक रहेको टिप्पणी गरे । त्यसलाई रोक्नुपर्ने उनको सुझाव थियो ।सुदूरपश्चिम विश्वविद्यालयका पूर्व उपकुलपति अम्बराज जोशीले स्वायत्तता भने पनि सरकारले हस्तक्षेप गर्ने गरेको गुनासो गरे । ‘विश्वविद्यालयमाथि नियमन पनि कमजोर छ ।, सरकारबाट हस्तक्षेप रोकिनुपर्छ,’ उनले भने । सरकारको मात्रै भर पर्ने भन्दा पनि विश्वविद्यालयले लगानी जुटाउने तर्फ पनि ध्यान दिनुपर्ने जोशीले बताए ।‘आर्थिक रूपमा बलिया मुलुकका विश्वविद्यालयले आफैँ कमाएका छन् ।, कमजोर आर्थिक अवस्था भएका मुलुकले उच्चशिक्षामा रकम गुमाएका छन्,’ उनले भने । नेपाल जस्ता आर्थिक अवस्था कमजोर भएका मुलुकबाट उच्चशिक्षाका लागि विद्यार्थी बाहिर जाँदा रकम गुमाएको उनले बताए । नेपालका विश्वविद्यालयले शिक्षक, पाठ्यक्रम, पठन शैली, मुल्याङकन प्रणाली, शैक्षिक क्यालेन्डर, विद्यार्थी छनोट, डिग्री प्रदानको परिपार्टीका विषयमा पुनर्विचार गर्नुपर्ने उनको सुझाव छ ।त्यस्तै त्रिविका पूर्व उपकुलपति तीर्थ खनियाँले शिक्षा नीति अनुसार सरकार अघि नबढेको टिप्पणी गरे । २०७६ सालको शिक्षा नीति कार्यान्वयन नभएको उनको भनाई थियो । शिक्षा नीतिमा जथाभाबी विश्वविद्यालय स्थापना नगर्ने भनेपछि स्थापना भइरहेको उनले बताए ।‘हचुवामा विश्वविद्यालय खुलेका छन् ।विदेशी विश्वविद्यालयका सम्बन्धनमा निर्देशिकाका भरमा ३० वर्षदेखि कलेज चलेका छन् । अहिले सम्म ऐन पनि बन्न सकेको छैन,’ उनले भने । राजनीतिक नेतृत्वले नै मनोमानी गरेर उच्चशिक्षा र विश्वविद्यालय बिगारेको उनले आरोप लगाए ।राष्ट्रिय योजना आयोगका सदस्य आरपी विच्छाले सम्बन्धन बाँड्न र उपकुलपति लगायत पदाधिकारी बन्नका लागि मात्रै विश्वविद्यालय स्थापना हुने गरेको दाबी गरे । यस्तो प्रवृत्ति रोकिनुपर्ने उनको सुझाव छ । नीति बहस कार्यक्रममा उच्च शिक्षाको अवस्थाबारे शिक्षाविद्हरूले कार्यपत्र प्रस्तुत गरेका थिए । विज्ञको सुझाव समेटेर काँग्रेसले शिक्षा नीति तय गर्ने विभाग प्रमुख नैनसिंह महरले बताए।"
"शिक्षामा निजी क्षेत्रलाई नियमन गर्ने हो, बन्देज गर्नुहुँदैन : शिक्षामन्त्री पन्त","काठमाडौँ — शिक्षा, विज्ञान तथा प्रविधिमन्त्री रघुजी पन्तले विद्यालयदेखि उच्च शिक्षासम्म निजी क्षेत्रले लगानी गर्न पाउने वातावरण हुनुपर्ने बताए। उनले खुला समाजमा शिक्षामा लगानी गर्न पाउने व्यवस्था पनि खुला हुनुपर्ने जनाए।नेपाली कांग्रेसको शिक्षा विभागले सोमबार काठमाडौँमा आयोजना गरेको उच्च शिक्षाका आयाम विषयक नीति बहसमा उनले निजी लगानीमा सञ्चालित शिक्षण संस्थालाई नियमन गर्दै लगानी गर्ने व्यवस्था भने खुला नै राख्नु पर्ने बताए।अन्तर्राष्ट्रिय अभ्यास पनि त्यही रहेको शिक्षामन्त्री पन्तको भनाई थियो । ‘विद्यालयदेखि उच्च शिक्षासम्म निजी लगानी खुला गर्नुपर्छ,’ उनले भने, ‘निजी क्षेत्रलाई नियमन गदै लगानी गर्ने वातावरण बनाउनुपर्छ।’नेपाली युवा विद्यार्थीलाई स्वदेशमै कसरी टिकाउने भन्ने अहिलेको मुख्य चुनौती रहेको उनले बताए । विश्वस्तरमा प्रतिस्पर्धी विद्यार्थी तयार पार्न शिक्षण संस्थाले ध्यान दिनुपर्ने उनले जनाए । विदेशी विश्वविद्यालयसँग सहकार्य गरेर नेपालमै उच्चशिक्षाका कार्यक्रम सञ्चालन गर्ने विषयमा सुझाव दिन उनले प्राज्ञहरूलाई आग्रह गरे ।उनले विश्वविद्यालयमा आफूले हस्तक्षेप नगर्ने भन्दै प्राज्ञिक स्वायत्तता कायम राखिने प्रतिबद्धता समेत जनाए । ‘म शिक्षा क्षेत्रका विषयमा मन्त्री भएर आएपछि बुझ्दै छु ।, यस्तै गर्नु पर्छ भन्ने कुनै योजना बनाई सकेको छैन । अध्ययनका क्रममा नै छु,’ मन्त्री पन्तले भने, ‘म विश्वविद्यालयमा हस्तक्षेप चाहिँ गर्दिन ।, प्राज्ञिक स्वायत्तता हुनुपर्छ भन्ने पक्षमा छु ।’विश्वविद्यालय बनाउन र सुधार गर्न उपकुलपति लगायत पदाधिकारीले ध्यान दिनुपर्ने उनले जनाए । विश्वविद्यालयमा सरकारले नियमन भने गर्ने उनले बताए । ‘पश्चिममा विश्वविद्यालय खोलेर पूर्वमा सम्बन्धन बाँड्ने काम चाहिँ गर्नु हुदैंन,’ शिक्षामन्त्री पन्तले भने ।उनले मुलुकका लागि कम्तीमा १०/१५ वर्षका लागि काम लाग्ने खालेको शिक्षा नीति आवश्यक रहेको उनले औँल्याए । ‘अहिलेको शिक्षा नीति, ऐन नियमसँग बाझिएको छ ।, कांग्रेस, एमाले, माओवादी र अन्य पार्टीमा शिक्षा विभाग बसेर कस्तो शिक्षा नीति बनाउनुपर्छ ।, साझा धारणा बनाएर सुझाव दिनुस्,’ उनले भने ।"
विद्यालय शिक्षा ऐन कार्यान्वयनका लागि पर्याप्त बजेट विनियोजन गर्न माग,"काठमाडौँ — नेपाल विद्यार्थी संघ (नेविसंघ)ले विद्यालय शिक्षा ऐन कार्यान्वयनका लागि पर्याप्त बजेट विनियोजन गर्न माग गरेको छ।नेविसंघले शिक्षा क्षेत्रका समस्याप्रति संवेदनशील भएर समाधानको प्रष्ट योजनासहित कुल बजेटको न्यूनतम २० प्रतिशत रकम शिक्षा क्षेत्रमा विनियोजन गर्न सरकारको ध्यानाकर्षण गराएको हो।सोमबार नेविसंघका केन्द्रीय अध्यक्ष दुजाङ शेर्पा नेतृत्वको टोलीले उपप्रधान एवं अर्थमन्त्री विष्णु पौडेललाई ध्यानाकर्षण पत्र बुझाउँदै यस्तो माग गरेको हो। अर्थमन्त्री पौडेललाई २५ बुँदे ध्यानाकर्षण पत्र बुझाएको नेविसंघले विद्यार्थीमैत्री विद्यालय शिक्षा ऐन यसै आर्थिक वर्षदेखि प्रभावकारी रूपमा लागू हुनेगरी आवश्यक विनियोजन गर्न समेत माग गरेको छ।महँगी नियन्त्रणको नीति लागू गर्नुपर्ने, विद्यार्थीहरूको जनजीवनसँग प्रत्यक्ष सरोकार राख्ने बस्तुहरूमा सहुलियत प्रदान गर्ने नीति ल्याउनुपर्ने लगायतका विषयमा ध्यानाकर्षण गराएको नेविसंघका प्रवक्ता सुरज सेजुवालले जानकारी दिए।त्यस्तै, नेविसंघले वैदेशिक रोजगारका लागि जानुपर्ने अवस्थाको अन्त्य गर्न ४० वर्ष उमेर समूहका युवा लक्षित अनिवार्य प्राविधिक तालिम सम्बन्धी नीति तर्जुमा गर्दै देशभित्रै रोजगारीको अवसर सिर्जना गर्न सरकारको ध्यानाकर्षण गराएको छ ।"
नेपाललाई शिक्षाको हब बनाउनुपर्छ : सभापति देउवा,"काठमाडौँ — नेपाली कांग्रेसका सभापति शेरबहादुर देउवाले नेपाललाई शिक्षाको हब बनाउनुपर्ने बताएका छन् । सोमबार काठमाडौँमा पार्टीको शिक्षा विभागले आयोजना गरेको कार्यक्रमलाई सम्बोधन गर्दै उनले नेपालमा राम्रो शिक्षा नभएको भन्दै अभिभावकले विदेश पढ्न आफ्ना सन्तानहरू पठाउने गरेको भन्दै नेपालमै उच्च शिक्षा दिन सक्ने वातावरण बनाउन आग्रह गरे ।उनले नेपालमै राम्रो शिक्षा दिन सके विदेशी विद्यार्थी समेत नेपाल पढ्न आउने बताए । उनले अहिलेको समयमा शिक्षा महत्त्वपूर्ण रहेको र शिक्षालाई प्राथमिकता दिनुपर्ने बताए ।सभापति देउवाले भने, ‘नेपालमा राम्रो एजुकेसन छैन भन्ने हिसाबले होला, कतिपय आमा बुबाले छोराछोरी विदेश पढ्न पठाउँछन् । त्यस कारण नेपालमै राम्रो एजुकेसन दिने स्कुलदेखि लिएर युनिभर्सिटीसम्म हामीले बनाउन सक्यो भने हाम्रो देशको विद्यार्थी विदेश जानबाट रोकिन्छन् । हाम्रो देश सुन्दर छ । हावापानी सबैले । विदेशी पनि नेपालमा विद्यार्थी आउन सक्छन् । त्यसको लागि नेपाल शिक्षाको हब बन्न सक्छ । त्यस्तो किसिमको शिक्षा नेपालमा हामीले दिन सक्यौँ भने, त्यस्तो एजुकेसन दिन सक्यो भने नेपालमा विदेशी विद्यार्थी नेपाल आउन सक्छन् । नेपाल नै शिक्षाको हब बन्न सक्छ । अहिलेको बेला शिक्षा नै महत्त्वपूर्ण कुरा हो । शिक्षालाई प्राथमिकता दिनुपर्छ ।’सभापति देउवाले शिक्षा नेपालको लागि महत्त्वपूर्ण रहेको बताए । नेपालमा विदेशी विद्यार्थी आउने किसिमको आकर्षित वातावरण बनाउनुपर्नेमा जोड दिए ।"
